1

200
0.0 0.0
505.0 0.0
505.0 0.0
502.0 19.0
502.0 19.0
494.0 23.0
494.0 23.0
498.0 30.0
498.0 30.0
495.0 46.0
495.0 46.0
487.0 50.0
487.0 50.0
475.0 68.0
475.0 68.0
478.0 88.0
478.0 88.0
491.0 95.0
491.0 95.0
493.0 104.0
493.0 104.0
489.0 161.0
489.0 161.0
490.0 169.0
490.0 169.0
494.0 170.0
494.0 170.0
489.0 172.0
489.0 172.0
495.0 172.0
495.0 172.0
495.0 179.0
495.0 179.0
512.0 159.0
512.0 159.0
522.0 155.0
522.0 155.0
528.0 144.0
528.0 144.0
543.0 139.0
543.0 139.0
548.0 131.0
548.0 131.0
544.0 128.0
544.0 128.0
548.0 128.0
548.0 128.0
549.0 122.0
549.0 122.0
549.0 98.0
549.0 98.0
545.0 94.0
545.0 94.0
550.0 89.0
550.0 89.0
545.0 84.0
545.0 84.0
549.0 63.0
549.0 63.0
546.0 7.0
546.0 7.0
542.0 8.0
542.0 8.0
539.0 2.0
539.0 2.0
551.0 0.0
551.0 0.0
553.0 140.0
553.0 140.0
530.0 152.0
530.0 152.0
492.0 186.0
492.0 186.0
483.0 197.0
483.0 197.0
481.0 208.0
481.0 208.0
470.0 215.0
470.0 215.0
469.0 225.0
469.0 225.0
455.0 237.0
455.0 237.0
461.0 249.0
461.0 249.0
454.0 269.0
454.0 269.0
455.0 340.0
455.0 340.0
458.0 345.0
458.0 345.0
464.0 343.0
464.0 343.0
459.0 351.0
459.0 351.0
471.0 373.0
471.0 373.0
476.0 396.0
476.0 396.0
465.0 400.0
465.0 400.0
457.0 410.0
457.0 410.0
457.0 447.0
457.0 447.0
476.0 495.0
476.0 495.0
504.0 524.0
504.0 524.0
510.0 523.0
510.0 523.0
521.0 502.0
521.0 502.0
527.0 510.0
527.0 510.0
528.0 521.0
528.0 521.0
523.0 530.0
523.0 530.0
541.0 598.0
541.0 598.0
529.0 634.0
529.0 634.0
474.0 652.0
474.0 652.0
430.0 655.0
430.0 655.0
326.0 693.0
326.0 693.0
307.0 694.0
307.0 694.0
272.0 705.0
272.0 705.0
236.0 728.0
236.0 728.0
230.0 748.0
230.0 748.0
197.0 792.0
197.0 792.0
235.0 721.0
235.0 721.0
270.0 700.0
270.0 700.0
331.0 684.0
331.0 684.0
325.0 682.0
325.0 682.0
320.0 656.0
320.0 656.0
314.0 652.0
314.0 652.0
290.0 581.0
290.0 581.0
264.0 535.0
264.0 535.0
238.0 503.0
238.0 503.0
211.0 480.0
211.0 480.0
155.0 476.0
155.0 476.0
139.0 480.0
139.0 480.0
83.0 477.0
83.0 477.0
79.0 481.0
79.0 481.0
58.0 482.0
58.0 482.0
32.0 475.0
32.0 475.0
29.0 483.0
29.0 483.0
22.0 485.0
22.0 485.0
23.0 479.0
23.0 479.0
16.0 469.0
16.0 469.0
15.0 533.0
15.0 533.0
10.0 531.0
10.0 531.0
6.0 283.0
6.0 283.0
11.0 274.0
11.0 274.0
11.0 229.0
11.0 229.0
16.0 200.0
16.0 200.0
7.0 187.0
7.0 187.0
6.0 208.0
6.0 208.0
4.0 155.0
4.0 155.0
0.0 145.0
0.0 145.0
0.0 0.0


2

22
566.0 0.0
677.0 0.0
677.0 0.0
676.0 115.0
676.0 115.0
709.0 126.0
709.0 126.0
696.0 130.0
696.0 130.0
690.0 124.0
690.0 124.0
668.0 119.0
668.0 119.0
624.0 120.0
624.0 120.0
570.0 132.0
570.0 132.0
573.0 108.0
573.0 108.0
569.0 94.0
569.0 94.0
566.0 0.0


3

22
742.0 0.0
786.0 0.0
786.0 0.0
787.0 148.0
787.0 148.0
789.0 173.0
789.0 173.0
798.0 188.0
798.0 188.0
793.0 191.0
793.0 191.0
773.0 165.0
773.0 165.0
743.0 148.0
743.0 148.0
743.0 144.0
743.0 144.0
748.0 146.0
748.0 146.0
744.0 136.0
744.0 136.0
742.0 0.0


4

1050
825.0 0.0
1008.0 0.0
1008.0 0.0
1010.0 202.0
1010.0 202.0
1017.0 282.0
1017.0 282.0
1013.0 299.0
1013.0 299.0
1020.0 581.0
1020.0 581.0
1027.0 634.0
1027.0 634.0
1023.0 638.0
1023.0 638.0
988.0 638.0
988.0 638.0
861.0 619.0
861.0 619.0
837.0 607.0
837.0 607.0
843.0 607.0
843.0 607.0
840.0 599.0
840.0 599.0
851.0 591.0
851.0 591.0
840.0 589.0
840.0 589.0
839.0 603.0
839.0 603.0
833.0 601.0
833.0 601.0
834.0 620.0
834.0 620.0
826.0 624.0
826.0 624.0
822.0 641.0
822.0 641.0
830.0 655.0
830.0 655.0
829.0 650.0
829.0 650.0
832.0 651.0
832.0 651.0
836.0 675.0
836.0 675.0
840.0 679.0
840.0 679.0
847.0 670.0
847.0 670.0
849.0 633.0
849.0 633.0
854.0 641.0
854.0 641.0
852.0 651.0
852.0 651.0
855.0 642.0
855.0 642.0
873.0 636.0
873.0 636.0
955.0 643.0
955.0 643.0
922.0 654.0
922.0 654.0
924.0 659.0
924.0 659.0
954.0 649.0
954.0 649.0
1026.0 644.0
1026.0 644.0
1049.0 651.0
1049.0 651.0
1010.0 651.0
1010.0 651.0
987.0 656.0
987.0 656.0
948.0 681.0
948.0 681.0
936.0 684.0
936.0 684.0
925.0 695.0
925.0 695.0
964.0 677.0
964.0 677.0
999.0 674.0
999.0 674.0
1003.0 668.0
1003.0 668.0
1014.0 670.0
1014.0 670.0
1027.0 662.0
1027.0 662.0
1038.0 662.0
1038.0 662.0
1023.0 669.0
1023.0 669.0
1081.0 666.0
1081.0 666.0
1084.0 669.0
1084.0 669.0
1073.0 675.0
1073.0 675.0
1099.0 670.0
1099.0 670.0
1101.0 674.0
1101.0 674.0
1087.0 675.0
1087.0 675.0
1117.0 677.0
1117.0 677.0
1129.0 689.0
1129.0 689.0
1142.0 691.0
1142.0 691.0
1121.0 692.0
1121.0 692.0
1104.0 686.0
1104.0 686.0
1070.0 708.0
1070.0 708.0
1060.0 722.0
1060.0 722.0
1092.0 701.0
1092.0 701.0
1121.0 696.0
1121.0 696.0
1142.0 698.0
1142.0 698.0
1154.0 706.0
1154.0 706.0
1165.0 704.0
1165.0 704.0
1156.0 698.0
1156.0 698.0
1179.0 700.0
1179.0 700.0
1192.0 710.0
1192.0 710.0
1167.0 706.0
1167.0 706.0
1163.0 712.0
1163.0 712.0
1157.0 711.0
1157.0 711.0
1157.0 726.0
1157.0 726.0
1143.0 752.0
1143.0 752.0
1139.0 792.0
1139.0 792.0
1114.0 847.0
1114.0 847.0
1104.0 891.0
1104.0 891.0
1046.0 1000.0
1046.0 1000.0
471.0 1000.0
471.0 1000.0
440.0 955.0
440.0 955.0
392.0 914.0
392.0 914.0
371.0 879.0
371.0 879.0
362.0 873.0
362.0 873.0
368.0 865.0
368.0 865.0
363.0 854.0
363.0 854.0
370.0 853.0
370.0 853.0
366.0 837.0
366.0 837.0
379.0 832.0
379.0 832.0
372.0 805.0
372.0 805.0
383.0 800.0
383.0 800.0
383.0 805.0
383.0 805.0
400.0 807.0
400.0 807.0
398.0 797.0
398.0 797.0
402.0 795.0
402.0 795.0
392.0 791.0
392.0 791.0
390.0 780.0
390.0 780.0
380.0 775.0
380.0 775.0
383.0 771.0
383.0 771.0
377.0 768.0
377.0 768.0
379.0 759.0
379.0 759.0
370.0 756.0
370.0 756.0
371.0 746.0
371.0 746.0
382.0 748.0
382.0 748.0
386.0 756.0
386.0 756.0
395.0 756.0
395.0 756.0
397.0 760.0
397.0 760.0
389.0 766.0
389.0 766.0
405.0 763.0
405.0 763.0
419.0 772.0
419.0 772.0
435.0 793.0
435.0 793.0
441.0 786.0
441.0 786.0
439.0 781.0
439.0 781.0
443.0 782.0
443.0 782.0
454.0 802.0
454.0 802.0
468.0 814.0
468.0 814.0
469.0 807.0
469.0 807.0
456.0 787.0
456.0 787.0
460.0 780.0
460.0 780.0
469.0 778.0
469.0 778.0
476.0 789.0
476.0 789.0
483.0 785.0
483.0 785.0
483.0 794.0
483.0 794.0
490.0 796.0
490.0 796.0
502.0 787.0
502.0 787.0
501.0 782.0
501.0 782.0
495.0 779.0
495.0 779.0
492.0 783.0
492.0 783.0
481.0 774.0
481.0 774.0
504.0 775.0
504.0 775.0
511.0 771.0
511.0 771.0
527.0 787.0
527.0 787.0
531.0 770.0
531.0 770.0
522.0 765.0
522.0 765.0
520.0 771.0
520.0 771.0
516.0 739.0
516.0 739.0
505.0 740.0
505.0 740.0
509.0 720.0
509.0 720.0
501.0 710.0
501.0 710.0
489.0 710.0
489.0 710.0
465.0 724.0
465.0 724.0
465.0 744.0
465.0 744.0
474.0 746.0
474.0 746.0
479.0 740.0
479.0 740.0
487.0 741.0
487.0 741.0
498.0 754.0
498.0 754.0
500.0 767.0
500.0 767.0
495.0 757.0
495.0 757.0
484.0 762.0
484.0 762.0
473.0 752.0
473.0 752.0
465.0 756.0
465.0 756.0
421.0 730.0
421.0 730.0
404.0 727.0
404.0 727.0
402.0 731.0
402.0 731.0
367.0 710.0
367.0 710.0
373.0 705.0
373.0 705.0
384.0 713.0
384.0 713.0
398.0 708.0
398.0 708.0
441.0 713.0
441.0 713.0
453.0 702.0
453.0 702.0
443.0 725.0
443.0 725.0
444.0 730.0
444.0 730.0
453.0 733.0
453.0 733.0
472.0 713.0
472.0 713.0
497.0 703.0
497.0 703.0
495.0 692.0
495.0 692.0
519.0 692.0
519.0 692.0
520.0 701.0
520.0 701.0
527.0 701.0
527.0 701.0
533.0 708.0
533.0 708.0
525.0 723.0
525.0 723.0
525.0 733.0
525.0 733.0
534.0 728.0
534.0 728.0
535.0 721.0
535.0 721.0
542.0 738.0
542.0 738.0
547.0 823.0
547.0 823.0
562.0 860.0
562.0 860.0
559.0 840.0
559.0 840.0
563.0 831.0
563.0 831.0
554.0 816.0
554.0 816.0
555.0 780.0
555.0 780.0
550.0 756.0
550.0 756.0
554.0 755.0
554.0 755.0
582.0 786.0
582.0 786.0
588.0 778.0
588.0 778.0
595.0 777.0
595.0 777.0
597.0 762.0
597.0 762.0
606.0 756.0
606.0 756.0
606.0 750.0
606.0 750.0
590.0 750.0
590.0 750.0
589.0 766.0
589.0 766.0
578.0 767.0
578.0 767.0
579.0 753.0
579.0 753.0
584.0 749.0
584.0 749.0
584.0 730.0
584.0 730.0
580.0 730.0
580.0 730.0
572.0 744.0
572.0 744.0
568.0 744.0
568.0 744.0
571.0 763.0
571.0 763.0
564.0 757.0
564.0 757.0
564.0 738.0
564.0 738.0
568.0 738.0
568.0 738.0
572.0 718.0
572.0 718.0
578.0 719.0
578.0 719.0
579.0 715.0
579.0 715.0
570.0 705.0
570.0 705.0
568.0 713.0
568.0 713.0
563.0 710.0
563.0 710.0
560.0 718.0
560.0 718.0
559.0 706.0
559.0 706.0
565.0 710.0
565.0 710.0
571.0 697.0
571.0 697.0
567.0 691.0
567.0 691.0
563.0 693.0
563.0 693.0
562.0 683.0
562.0 683.0
545.0 655.0
545.0 655.0
542.0 612.0
542.0 612.0
554.0 652.0
554.0 652.0
568.0 676.0
568.0 676.0
593.0 696.0
593.0 696.0
605.0 697.0
605.0 697.0
607.0 691.0
607.0 691.0
579.0 659.0
579.0 659.0
586.0 651.0
586.0 651.0
583.0 659.0
583.0 659.0
590.0 659.0
590.0 659.0
591.0 645.0
591.0 645.0
581.0 634.0
581.0 634.0
585.0 621.0
585.0 621.0
569.0 618.0
569.0 618.0
567.0 602.0
567.0 602.0
571.0 600.0
571.0 600.0
581.0 618.0
581.0 618.0
587.0 618.0
587.0 618.0
590.0 611.0
590.0 611.0
578.0 606.0
578.0 606.0
578.0 595.0
578.0 595.0
564.0 590.0
564.0 590.0
556.0 579.0
556.0 579.0
558.0 572.0
558.0 572.0
548.0 567.0
548.0 567.0
546.0 552.0
546.0 552.0
540.0 548.0
540.0 548.0
542.0 540.0
542.0 540.0
533.0 534.0
533.0 534.0
537.0 525.0
537.0 525.0
533.0 517.0
533.0 517.0
542.0 516.0
542.0 516.0
547.0 527.0
547.0 527.0
535.0 529.0
535.0 529.0
548.0 538.0
548.0 538.0
547.0 548.0
547.0 548.0
554.0 552.0
554.0 552.0
555.0 541.0
555.0 541.0
548.0 532.0
548.0 532.0
560.0 532.0
560.0 532.0
555.0 521.0
555.0 521.0
565.0 518.0
565.0 518.0
559.0 507.0
559.0 507.0
572.0 496.0
572.0 496.0
568.0 489.0
568.0 489.0
572.0 477.0
572.0 477.0
568.0 474.0
568.0 474.0
579.0 465.0
579.0 465.0
575.0 475.0
575.0 475.0
581.0 475.0
581.0 475.0
588.0 450.0
588.0 450.0
595.0 448.0
595.0 448.0
594.0 453.0
594.0 453.0
605.0 443.0
605.0 443.0
612.0 446.0
612.0 446.0
599.0 462.0
599.0 462.0
605.0 477.0
605.0 477.0
614.0 474.0
614.0 474.0
621.0 456.0
621.0 456.0
618.0 444.0
618.0 444.0
623.0 430.0
623.0 430.0
601.0 407.0
601.0 407.0
619.0 403.0
619.0 403.0
620.0 398.0
620.0 398.0
600.0 396.0
600.0 396.0
574.0 405.0
574.0 405.0
571.0 393.0
571.0 393.0
579.0 386.0
579.0 386.0
599.0 385.0
599.0 385.0
624.0 371.0
624.0 371.0
622.0 366.0
622.0 366.0
604.0 364.0
604.0 364.0
604.0 370.0
604.0 370.0
594.0 369.0
594.0 369.0
584.0 383.0
584.0 383.0
578.0 382.0
578.0 382.0
588.0 369.0
588.0 369.0
613.0 355.0
613.0 355.0
617.0 346.0
617.0 346.0
639.0 338.0
639.0 338.0
647.0 321.0
647.0 321.0
642.0 312.0
642.0 312.0
647.0 302.0
647.0 302.0
634.0 297.0
634.0 297.0
631.0 308.0
631.0 308.0
627.0 304.0
627.0 304.0
639.0 283.0
639.0 283.0
647.0 283.0
647.0 283.0
646.0 277.0
646.0 277.0
649.0 280.0
649.0 280.0
651.0 276.0
651.0 276.0
650.0 271.0
650.0 271.0
644.0 273.0
644.0 273.0
647.0 257.0
647.0 257.0
640.0 253.0
640.0 253.0
638.0 259.0
638.0 259.0
635.0 255.0
635.0 255.0
639.0 253.0
639.0 253.0
633.0 249.0
633.0 249.0
624.0 251.0
624.0 251.0
615.0 231.0
615.0 231.0
606.0 237.0
606.0 237.0
602.0 234.0
602.0 234.0
610.0 231.0
610.0 231.0
598.0 226.0
598.0 226.0
582.0 241.0
582.0 241.0
571.0 243.0
571.0 243.0
568.0 253.0
568.0 253.0
556.0 263.0
556.0 263.0
549.0 288.0
549.0 288.0
539.0 289.0
539.0 289.0
540.0 294.0
540.0 294.0
531.0 300.0
531.0 300.0
524.0 288.0
524.0 288.0
530.0 274.0
530.0 274.0
537.0 272.0
537.0 272.0
536.0 259.0
536.0 259.0
527.0 259.0
527.0 259.0
518.0 281.0
518.0 281.0
523.0 297.0
523.0 297.0
512.0 299.0
512.0 299.0
507.0 293.0
507.0 293.0
511.0 281.0
511.0 281.0
506.0 280.0
506.0 280.0
496.0 288.0
496.0 288.0
498.0 280.0
498.0 280.0
492.0 277.0
492.0 277.0
505.0 263.0
505.0 263.0
500.0 263.0
500.0 263.0
500.0 259.0
500.0 259.0
504.0 255.0
504.0 255.0
504.0 261.0
504.0 261.0
510.0 258.0
510.0 258.0
506.0 255.0
506.0 255.0
508.0 239.0
508.0 239.0
504.0 237.0
504.0 237.0
496.0 247.0
496.0 247.0
492.0 232.0
492.0 232.0
506.0 207.0
506.0 207.0
514.0 206.0
514.0 206.0
510.0 203.0
510.0 203.0
513.0 198.0
513.0 198.0
520.0 198.0
520.0 198.0
535.0 180.0
535.0 180.0
550.0 178.0
550.0 178.0
545.0 187.0
545.0 187.0
530.0 191.0
530.0 191.0
523.0 201.0
523.0 201.0
518.0 201.0
518.0 201.0
517.0 221.0
517.0 221.0
512.0 223.0
512.0 223.0
505.0 218.0
505.0 218.0
508.0 228.0
508.0 228.0
511.0 227.0
511.0 227.0
509.0 232.0
509.0 232.0
522.0 228.0
522.0 228.0
522.0 233.0
522.0 233.0
517.0 230.0
517.0 230.0
512.0 236.0
512.0 236.0
514.0 250.0
514.0 250.0
519.0 250.0
519.0 250.0
530.0 225.0
530.0 225.0
524.0 222.0
524.0 222.0
528.0 210.0
528.0 210.0
521.0 209.0
521.0 209.0
522.0 205.0
522.0 205.0
532.0 203.0
532.0 203.0
539.0 194.0
539.0 194.0
543.0 196.0
543.0 196.0
539.0 209.0
539.0 209.0
531.0 205.0
531.0 205.0
533.0 220.0
533.0 220.0
541.0 229.0
541.0 229.0
541.0 235.0
541.0 235.0
530.0 246.0
530.0 246.0
532.0 255.0
532.0 255.0
539.0 243.0
539.0 243.0
546.0 243.0
546.0 243.0
546.0 220.0
546.0 220.0
541.0 214.0
541.0 214.0
550.0 200.0
550.0 200.0
546.0 189.0
546.0 189.0
551.0 187.0
551.0 187.0
551.0 192.0
551.0 192.0
555.0 191.0
555.0 191.0
553.0 186.0
553.0 186.0
557.0 182.0
557.0 182.0
565.0 182.0
565.0 182.0
559.0 195.0
559.0 195.0
563.0 197.0
563.0 197.0
558.0 205.0
558.0 205.0
562.0 208.0
562.0 208.0
570.0 202.0
570.0 202.0
570.0 197.0
570.0 197.0
563.0 196.0
563.0 196.0
565.0 188.0
565.0 188.0
580.0 179.0
580.0 179.0
580.0 174.0
580.0 174.0
572.0 179.0
572.0 179.0
573.0 175.0
573.0 175.0
586.0 168.0
586.0 168.0
580.0 155.0
580.0 155.0
594.0 160.0
594.0 160.0
603.0 157.0
603.0 157.0
589.0 173.0
589.0 173.0
595.0 177.0
595.0 177.0
606.0 165.0
606.0 165.0
617.0 165.0
617.0 165.0
611.0 155.0
611.0 155.0
627.0 149.0
627.0 149.0
633.0 152.0
633.0 152.0
634.0 146.0
634.0 146.0
645.0 140.0
645.0 140.0
664.0 140.0
664.0 140.0
664.0 144.0
664.0 144.0
678.0 140.0
678.0 140.0
684.0 153.0
684.0 153.0
691.0 140.0
691.0 140.0
697.0 145.0
697.0 145.0
707.0 144.0
707.0 144.0
710.0 152.0
710.0 152.0
699.0 148.0
699.0 148.0
695.0 155.0
695.0 155.0
711.0 158.0
711.0 158.0
721.0 166.0
721.0 166.0
733.0 166.0
733.0 166.0
748.0 180.0
748.0 180.0
789.0 197.0
789.0 197.0
814.0 221.0
814.0 221.0
818.0 232.0
818.0 232.0
811.0 226.0
811.0 226.0
810.0 233.0
810.0 233.0
818.0 245.0
818.0 245.0
827.0 245.0
827.0 245.0
827.0 269.0
827.0 269.0
834.0 278.0
834.0 278.0
837.0 295.0
837.0 295.0
821.0 264.0
821.0 264.0
808.0 253.0
808.0 253.0
802.0 234.0
802.0 234.0
784.0 212.0
784.0 212.0
733.0 206.0
733.0 206.0
731.0 226.0
731.0 226.0
732.0 221.0
732.0 221.0
737.0 222.0
737.0 222.0
741.0 226.0
741.0 226.0
736.0 230.0
736.0 230.0
739.0 233.0
739.0 233.0
759.0 232.0
759.0 232.0
765.0 237.0
765.0 237.0
768.0 247.0
768.0 247.0
761.0 238.0
761.0 238.0
753.0 241.0
753.0 241.0
766.0 248.0
766.0 248.0
763.0 251.0
763.0 251.0
767.0 253.0
767.0 253.0
769.0 249.0
769.0 249.0
776.0 251.0
776.0 251.0
784.0 273.0
784.0 273.0
791.0 278.0
791.0 278.0
797.0 276.0
797.0 276.0
802.0 285.0
802.0 285.0
798.0 311.0
798.0 311.0
795.0 302.0
795.0 302.0
798.0 304.0
798.0 304.0
799.0 287.0
799.0 287.0
785.0 280.0
785.0 280.0
793.0 292.0
793.0 292.0
792.0 307.0
792.0 307.0
802.0 318.0
802.0 318.0
825.0 329.0
825.0 329.0
831.0 338.0
831.0 338.0
830.0 347.0
830.0 347.0
850.0 370.0
850.0 370.0
839.0 369.0
839.0 369.0
829.0 376.0
829.0 376.0
835.0 375.0
835.0 375.0
843.0 384.0
843.0 384.0
837.0 394.0
837.0 394.0
840.0 403.0
840.0 403.0
851.0 405.0
851.0 405.0
863.0 426.0
863.0 426.0
868.0 486.0
868.0 486.0
871.0 488.0
871.0 488.0
875.0 481.0
875.0 481.0
874.0 506.0
874.0 506.0
871.0 505.0
871.0 505.0
874.0 510.0
874.0 510.0
866.0 532.0
866.0 532.0
869.0 541.0
869.0 541.0
869.0 534.0
869.0 534.0
872.0 540.0
872.0 540.0
879.0 537.0
879.0 537.0
880.0 513.0
880.0 513.0
889.0 510.0
889.0 510.0
882.0 500.0
882.0 500.0
887.0 494.0
887.0 494.0
880.0 482.0
880.0 482.0
890.0 487.0
890.0 487.0
892.0 484.0
892.0 484.0
883.0 475.0
883.0 475.0
889.0 467.0
889.0 467.0
882.0 468.0
882.0 468.0
879.0 463.0
879.0 463.0
877.0 417.0
877.0 417.0
857.0 377.0
857.0 377.0
841.0 306.0
841.0 306.0
841.0 282.0
841.0 282.0
828.0 234.0
828.0 234.0
825.0 0.0


5

28
1096.0 0.0
1102.0 0.0
1102.0 0.0
1105.0 94.0
1105.0 94.0
1102.0 99.0
1102.0 99.0
1074.0 110.0
1074.0 110.0
1071.0 131.0
1071.0 131.0
1065.0 125.0
1065.0 125.0
1065.0 113.0
1065.0 113.0
1048.0 107.0
1048.0 107.0
1038.0 110.0
1038.0 110.0
1033.0 93.0
1033.0 93.0
1039.0 89.0
1039.0 89.0
1072.0 101.0
1072.0 101.0
1100.0 90.0
1100.0 90.0
1096.0 0.0


6

58
1396.0 0.0
1427.0 0.0
1427.0 0.0
1435.0 48.0
1435.0 48.0
1438.0 56.0
1438.0 56.0
1448.0 62.0
1448.0 62.0
1452.0 60.0
1452.0 60.0
1457.0 37.0
1457.0 37.0
1457.0 0.0
1457.0 0.0
1500.0 0.0
1500.0 0.0
1500.0 361.0
1500.0 361.0
1471.0 350.0
1471.0 350.0
1437.0 355.0
1437.0 355.0
1421.0 347.0
1421.0 347.0
1413.0 348.0
1413.0 348.0
1410.0 362.0
1410.0 362.0
1406.0 358.0
1406.0 358.0
1421.0 207.0
1421.0 207.0
1414.0 207.0
1414.0 207.0
1412.0 148.0
1412.0 148.0
1417.0 145.0
1417.0 145.0
1416.0 139.0
1416.0 139.0
1411.0 141.0
1411.0 141.0
1414.0 132.0
1414.0 132.0
1408.0 91.0
1408.0 91.0
1404.0 86.0
1404.0 86.0
1402.0 59.0
1402.0 59.0
1399.0 56.0
1399.0 56.0
1400.0 60.0
1400.0 60.0
1394.0 60.0
1394.0 60.0
1396.0 0.0


7

2
1398.0 3.0
1398.0 3.0


8

2
542.0 4.0
542.0 4.0


9

2
543.0 6.0
543.0 6.0


10

2
544.0 8.0
544.0 8.0


11

2
543.0 37.0
543.0 37.0


12

2
540.0 38.0
540.0 38.0


13

2
547.0 40.0
547.0 40.0


14

2
1395.0 53.0
1395.0 53.0


15

12
1000.0 54.0
997.0 39.0
997.0 39.0
986.0 29.0
986.0 29.0
983.0 94.0
983.0 94.0
994.0 123.0
994.0 123.0
1000.0 104.0
1000.0 104.0
1000.0 54.0


16

2
1396.0 54.0
1396.0 54.0


17

2
1399.0 54.0
1399.0 54.0


18

2
1395.0 55.0
1395.0 55.0


19

2
1001.0 56.0
1001.0 56.0


20

2
1397.0 56.0
1397.0 56.0


21

2
1400.0 56.0
1400.0 56.0


22

2
1396.0 57.0
1396.0 57.0


23

4
1394.0 61.0
1396.0 68.0
1396.0 68.0
1394.0 61.0


24

2
982.0 63.0
982.0 63.0


25

2
1403.0 66.0
1403.0 66.0


26

2
548.0 67.0
548.0 67.0


27

2
1398.0 67.0
1398.0 67.0


28

2
1396.0 69.0
1396.0 69.0


29

2
1398.0 69.0
1398.0 69.0


30

2
1396.0 71.0
1396.0 71.0


31

2
1398.0 71.0
1398.0 71.0


32

4
1398.0 73.0
1402.0 74.0
1402.0 74.0
1398.0 73.0


33

4
1395.0 75.0
1399.0 77.0
1399.0 77.0
1395.0 75.0


34

2
1404.0 76.0
1404.0 76.0


35

6
1398.0 79.0
1402.0 101.0
1402.0 101.0
1397.0 96.0
1397.0 96.0
1398.0 79.0


36

2
546.0 83.0
546.0 83.0


37

2
547.0 85.0
547.0 85.0


38

2
1406.0 85.0
1406.0 85.0


39

2
1406.0 87.0
1406.0 87.0


40

2
541.0 89.0
541.0 89.0


41

2
1407.0 90.0
1407.0 90.0


42

4
537.0 91.0
542.0 94.0
542.0 94.0
537.0 91.0


43

4
548.0 92.0
546.0 95.0
546.0 95.0
548.0 92.0


44

2
540.0 93.0
540.0 93.0


45

2
536.0 94.0
536.0 94.0


46

2
548.0 97.0
548.0 97.0


47

2
1081.0 100.0
1081.0 100.0


48

2
1407.0 102.0
1407.0 102.0


49

2
1403.0 104.0
1403.0 104.0


50

2
1399.0 105.0
1399.0 105.0


51

2
548.0 107.0
548.0 107.0


52

2
1400.0 107.0
1400.0 107.0


53

2
1398.0 108.0
1398.0 108.0


54

2
1050.0 109.0
1050.0 109.0


55

2
1054.0 109.0
1054.0 109.0


56

2
1402.0 110.0
1402.0 110.0


57

2
1398.0 111.0
1398.0 111.0


58

4
1401.0 112.0
1400.0 116.0
1400.0 116.0
1401.0 112.0


59

2
1412.0 114.0
1412.0 114.0


60

4
1041.0 115.0
1044.0 117.0
1044.0 117.0
1041.0 115.0


61

2
1403.0 115.0
1403.0 115.0


62

2
689.0 117.0
689.0 117.0


63

2
1398.0 119.0
1398.0 119.0


64

6
660.0 126.0
667.0 133.0
667.0 133.0
661.0 132.0
661.0 132.0
660.0 126.0


65

6
638.0 128.0
643.0 132.0
643.0 132.0
633.0 138.0
633.0 138.0
638.0 128.0


66

10
619.0 129.0
633.0 130.0
633.0 130.0
627.0 131.0
627.0 131.0
629.0 136.0
629.0 136.0
621.0 137.0
621.0 137.0
619.0 129.0


67

6
643.0 129.0
660.0 134.0
660.0 134.0
656.0 136.0
656.0 136.0
643.0 129.0


68

2
711.0 129.0
711.0 129.0


69

2
714.0 129.0
714.0 129.0


70

2
600.0 130.0
600.0 130.0


71

8
718.0 130.0
736.0 142.0
736.0 142.0
723.0 139.0
723.0 139.0
716.0 133.0
716.0 133.0
718.0 130.0


72

2
530.0 131.0
530.0 131.0


73

2
570.0 131.0
570.0 131.0


74

4
1073.0 131.0
1075.0 138.0
1075.0 138.0
1073.0 131.0


75

2
1397.0 131.0
1397.0 131.0


76

22
610.0 132.0
614.0 134.0
614.0 134.0
613.0 140.0
613.0 140.0
598.0 145.0
598.0 145.0
597.0 141.0
597.0 141.0
586.0 139.0
586.0 139.0
588.0 145.0
588.0 145.0
575.0 152.0
575.0 152.0
580.0 137.0
580.0 137.0
590.0 135.0
590.0 135.0
601.0 140.0
601.0 140.0
610.0 132.0


77

2
678.0 133.0
678.0 133.0


78

2
546.0 134.0
546.0 134.0


79

2
568.0 134.0
568.0 134.0


80

6
668.0 134.0
672.0 138.0
672.0 138.0
667.0 138.0
667.0 138.0
668.0 134.0


81

4
1397.0 134.0
1396.0 137.0
1396.0 137.0
1397.0 134.0


82

2
630.0 135.0
630.0 135.0


83

2
559.0 136.0
559.0 136.0


84

6
688.0 136.0
693.0 138.0
693.0 138.0
684.0 140.0
684.0 140.0
688.0 136.0


85

2
545.0 137.0
545.0 137.0


86

2
703.0 139.0
703.0 139.0


87

6
1074.0 139.0
1081.0 148.0
1081.0 148.0
1077.0 149.0
1077.0 149.0
1074.0 139.0


88

4
620.0 141.0
624.0 143.0
624.0 143.0
620.0 141.0


89

2
632.0 141.0
632.0 141.0


90

2
1413.0 141.0
1413.0 141.0


91

2
529.0 142.0
529.0 142.0


92

2
584.0 142.0
584.0 142.0


93

2
629.0 142.0
629.0 142.0


94

2
737.0 142.0
737.0 142.0


95

2
1397.0 142.0
1397.0 142.0


96

8
611.0 143.0
616.0 148.0
616.0 148.0
609.0 154.0
609.0 154.0
605.0 149.0
605.0 149.0
611.0 143.0


97

2
663.0 143.0
663.0 143.0


98

8
570.0 144.0
572.0 149.0
572.0 149.0
559.0 158.0
559.0 158.0
560.0 149.0
560.0 149.0
570.0 144.0


99

2
0.0 146.0
0.0 146.0


100

6
719.0 146.0
724.0 155.0
724.0 155.0
713.0 151.0
713.0 151.0
719.0 146.0


101

6
557.0 147.0
554.0 153.0
554.0 153.0
550.0 152.0
550.0 152.0
557.0 147.0


102

2
676.0 147.0
676.0 147.0


103

8
597.0 148.0
603.0 150.0
603.0 150.0
601.0 155.0
601.0 155.0
595.0 155.0
595.0 155.0
597.0 148.0


104

4
622.0 148.0
625.0 149.0
625.0 149.0
622.0 148.0


105

8
647.0 149.0
646.0 161.0
646.0 161.0
649.0 152.0
649.0 152.0
654.0 152.0
654.0 152.0
647.0 149.0


106

2
1079.0 149.0
1079.0 149.0


107

4
655.0 150.0
658.0 148.0
658.0 148.0
655.0 150.0


108

4
643.0 152.0
644.0 148.0
644.0 148.0
643.0 152.0


109

6
662.0 152.0
670.0 153.0
670.0 153.0
667.0 148.0
667.0 148.0
662.0 152.0


110

4
545.0 153.0
549.0 154.0
549.0 154.0
545.0 153.0


111

16
1087.0 153.0
1096.0 159.0
1096.0 159.0
1100.0 171.0
1100.0 171.0
1109.0 609.0
1109.0 609.0
1102.0 580.0
1102.0 580.0
1096.0 181.0
1096.0 181.0
1088.0 161.0
1088.0 161.0
1085.0 163.0
1085.0 163.0
1087.0 153.0


112

2
1416.0 153.0
1416.0 153.0


113

8
635.0 154.0
634.0 165.0
634.0 165.0
638.0 159.0
638.0 159.0
638.0 153.0
638.0 153.0
635.0 154.0


114

6
726.0 155.0
742.0 158.0
742.0 158.0
724.0 163.0
724.0 163.0
726.0 155.0


115

2
1079.0 156.0
1079.0 156.0


116

2
1087.0 156.0
1087.0 156.0


117

8
541.0 157.0
545.0 159.0
545.0 159.0
543.0 164.0
543.0 164.0
538.0 162.0
538.0 162.0
541.0 157.0


118

18
570.0 157.0
580.0 166.0
580.0 166.0
564.0 176.0
564.0 176.0
558.0 174.0
558.0 174.0
566.0 166.0
566.0 166.0
557.0 167.0
557.0 167.0
550.0 174.0
550.0 174.0
544.0 172.0
544.0 172.0
545.0 167.0
545.0 167.0
570.0 157.0


119

4
623.0 157.0
616.0 161.0
616.0 161.0
623.0 157.0


120

2
557.0 159.0
557.0 159.0


121

2
625.0 159.0
625.0 159.0


122

2
585.0 160.0
585.0 160.0


123

14
533.0 161.0
527.0 167.0
527.0 167.0
531.0 174.0
531.0 174.0
512.0 181.0
512.0 181.0
520.0 170.0
520.0 170.0
526.0 173.0
526.0 173.0
525.0 166.0
525.0 166.0
533.0 161.0


124

4
555.0 161.0
554.0 164.0
554.0 164.0
555.0 161.0


125

4
624.0 161.0
627.0 162.0
627.0 162.0
624.0 161.0


126

4
678.0 162.0
679.0 159.0
679.0 159.0
678.0 162.0


127

8
741.0 162.0
759.0 167.0
759.0 167.0
766.0 175.0
766.0 175.0
741.0 167.0
741.0 167.0
741.0 162.0


128

2
678.0 165.0
678.0 165.0


129

2
1089.0 165.0
1089.0 165.0


130

2
488.0 169.0
488.0 169.0


131

2
526.0 169.0
526.0 169.0


132

4
709.0 169.0
714.0 173.0
714.0 173.0
709.0 169.0


133

2
492.0 171.0
492.0 171.0


134

2
716.0 171.0
716.0 171.0


135

2
488.0 174.0
488.0 174.0


136

4
637.0 174.0
642.0 175.0
642.0 175.0
637.0 174.0


137

6
768.0 175.0
773.0 179.0
773.0 179.0
770.0 183.0
770.0 183.0
768.0 175.0


138

2
490.0 176.0
490.0 176.0


139

2
725.0 176.0
725.0 176.0


140

6
491.0 178.0
485.0 174.0
485.0 174.0
482.0 187.0
482.0 187.0
491.0 178.0


141

12
608.0 178.0
611.0 179.0
611.0 179.0
607.0 175.0
607.0 175.0
601.0 188.0
601.0 188.0
603.0 192.0
603.0 192.0
609.0 189.0
609.0 189.0
608.0 178.0


142

2
789.0 178.0
789.0 178.0


143

2
787.0 180.0
787.0 180.0


144

2
790.0 180.0
790.0 180.0


145

2
473.0 181.0
473.0 181.0


146

2
551.0 181.0
551.0 181.0


147

2
750.0 181.0
750.0 181.0


148

4
774.0 181.0
777.0 185.0
777.0 185.0
774.0 181.0


149

2
475.0 182.0
475.0 182.0


150

6
509.0 183.0
506.0 201.0
506.0 201.0
496.0 211.0
496.0 211.0
509.0 183.0


151

8
632.0 183.0
635.0 184.0
635.0 184.0
635.0 178.0
635.0 178.0
626.0 186.0
626.0 186.0
632.0 183.0


152

4
612.0 184.0
613.0 180.0
613.0 180.0
612.0 184.0


153

2
619.0 184.0
619.0 184.0


154

6
593.0 185.0
600.0 186.0
600.0 186.0
597.0 180.0
597.0 180.0
593.0 185.0


155

2
480.0 186.0
480.0 186.0


156

6
518.0 186.0
512.0 197.0
512.0 197.0
512.0 190.0
512.0 190.0
518.0 186.0


157

2
1093.0 186.0
1093.0 186.0


158

2
625.0 187.0
625.0 187.0


159

2
794.0 187.0
794.0 187.0


160

2
481.0 188.0
481.0 188.0


161

2
626.0 188.0
626.0 188.0


162

2
793.0 188.0
793.0 188.0


163

2
795.0 188.0
795.0 188.0


164

2
480.0 189.0
480.0 189.0


165

2
483.0 189.0
483.0 189.0


166

2
794.0 189.0
794.0 189.0


167

2
1420.0 189.0
1420.0 189.0


168

2
481.0 190.0
481.0 190.0


169

2
480.0 191.0
480.0 191.0


170

2
799.0 191.0
799.0 191.0


171

2
1420.0 192.0
1420.0 192.0


172

2
477.0 194.0
477.0 194.0


173

6
594.0 197.0
598.0 199.0
598.0 199.0
596.0 194.0
596.0 194.0
594.0 197.0


174

2
1422.0 198.0
1422.0 198.0


175

2
1427.0 198.0
1427.0 198.0


176

2
596.0 200.0
596.0 200.0


177

2
1420.0 200.0
1420.0 200.0


178

2
1422.0 200.0
1422.0 200.0


179

10
594.0 201.0
594.0 197.0
594.0 197.0
589.0 198.0
589.0 198.0
585.0 208.0
585.0 208.0
594.0 206.0
594.0 206.0
594.0 201.0


180

2
1415.0 201.0
1415.0 201.0


181

2
1420.0 202.0
1420.0 202.0


182

2
618.0 203.0
618.0 203.0


183

2
1415.0 203.0
1415.0 203.0


184

2
1418.0 204.0
1418.0 204.0


185

2
1420.0 204.0
1420.0 204.0


186

2
1422.0 204.0
1422.0 204.0


187

4
490.0 205.0
487.0 214.0
487.0 214.0
490.0 205.0


188

2
1419.0 205.0
1419.0 205.0


189

2
1420.0 206.0
1420.0 206.0


190

2
479.0 208.0
479.0 208.0


191

2
530.0 208.0
530.0 208.0


192

4
579.0 208.0
578.0 204.0
578.0 204.0
579.0 208.0


193

2
539.0 210.0
539.0 210.0


194

2
558.0 210.0
558.0 210.0


195

6
748.0 210.0
751.0 212.0
751.0 212.0
744.0 212.0
744.0 212.0
748.0 210.0


196

2
7.0 215.0
7.0 215.0


197

2
560.0 215.0
560.0 215.0


198

2
575.0 215.0
575.0 215.0


199

2
1427.0 215.0
1427.0 215.0


200

10
487.0 216.0
491.0 223.0
491.0 223.0
486.0 229.0
486.0 229.0
486.0 240.0
486.0 240.0
478.0 234.0
478.0 234.0
487.0 216.0


201

6
541.0 218.0
544.0 225.0
544.0 225.0
539.0 223.0
539.0 223.0
541.0 218.0


202

2
1003.0 218.0
1003.0 218.0


203

8
557.0 219.0
558.0 224.0
558.0 224.0
567.0 221.0
567.0 221.0
562.0 213.0
562.0 213.0
557.0 219.0


204

2
503.0 221.0
503.0 221.0


205

4
763.0 222.0
772.0 236.0
772.0 236.0
763.0 222.0


206

2
747.0 226.0
747.0 226.0


207

4
749.0 227.0
755.0 230.0
755.0 230.0
749.0 227.0


208

12
992.0 229.0
994.0 250.0
994.0 250.0
1001.0 257.0
1001.0 257.0
1007.0 236.0
1007.0 236.0
1001.0 215.0
1001.0 215.0
994.0 219.0
994.0 219.0
992.0 229.0


209

6
611.0 230.0
616.0 231.0
616.0 231.0
614.0 227.0
614.0 227.0
611.0 230.0


210

2
618.0 231.0
618.0 231.0


211

10
620.0 231.0
624.0 244.0
624.0 244.0
632.0 246.0
632.0 246.0
625.0 237.0
625.0 237.0
627.0 233.0
627.0 233.0
620.0 231.0


212

6
596.0 232.0
601.0 235.0
601.0 235.0
593.0 239.0
593.0 239.0
596.0 232.0


213

2
619.0 232.0
619.0 232.0


214

2
484.0 234.0
484.0 234.0


215

4
475.0 236.0
471.0 239.0
471.0 239.0
475.0 236.0


216

2
450.0 237.0
450.0 237.0


217

2
644.0 237.0
644.0 237.0


218

2
508.0 238.0
508.0 238.0


219

2
759.0 238.0
759.0 238.0


220

2
451.0 239.0
451.0 239.0


221

2
509.0 239.0
509.0 239.0


222

2
542.0 239.0
542.0 239.0


223

2
742.0 239.0
742.0 239.0


224

4
750.0 239.0
753.0 237.0
753.0 237.0
750.0 239.0


225

34
485.0 241.0
487.0 254.0
487.0 254.0
475.0 287.0
475.0 287.0
485.0 286.0
485.0 286.0
490.0 279.0
490.0 279.0
493.0 284.0
493.0 284.0
484.0 293.0
484.0 293.0
477.0 291.0
477.0 291.0
472.0 307.0
472.0 307.0
475.0 313.0
475.0 313.0
462.0 322.0
462.0 322.0
463.0 313.0
463.0 313.0
472.0 307.0
472.0 307.0
467.0 299.0
467.0 299.0
468.0 284.0
468.0 284.0
476.0 276.0
476.0 276.0
473.0 267.0
473.0 267.0
485.0 241.0


226

2
572.0 241.0
572.0 241.0


227

2
764.0 241.0
764.0 241.0


228

4
773.0 241.0
779.0 250.0
779.0 250.0
773.0 241.0


229

12
472.0 242.0
477.0 251.0
477.0 251.0
469.0 252.0
469.0 252.0
471.0 261.0
471.0 261.0
467.0 263.0
467.0 263.0
464.0 258.0
464.0 258.0
472.0 242.0


230

2
606.0 242.0
606.0 242.0


231

2
743.0 242.0
743.0 242.0


232

4
577.0 246.0
576.0 249.0
576.0 249.0
577.0 246.0


233

2
512.0 248.0
512.0 248.0


234

4
601.0 249.0
605.0 252.0
605.0 252.0
601.0 249.0


235

6
492.0 251.0
498.0 255.0
498.0 255.0
489.0 262.0
489.0 262.0
492.0 251.0


236

2
455.0 252.0
455.0 252.0


237

6
594.0 252.0
598.0 258.0
598.0 258.0
593.0 258.0
593.0 258.0
594.0 252.0


238

2
773.0 252.0
773.0 252.0


239

2
1003.0 252.0
1003.0 252.0


240

2
518.0 253.0
518.0 253.0


241

4
583.0 253.0
586.0 255.0
586.0 255.0
583.0 253.0


242

6
622.0 253.0
623.0 262.0
623.0 262.0
617.0 267.0
617.0 267.0
622.0 253.0


243

2
774.0 253.0
774.0 253.0


244

2
589.0 254.0
589.0 254.0


245

6
520.0 256.0
522.0 253.0
522.0 253.0
510.0 260.0
510.0 260.0
520.0 256.0


246

2
593.0 256.0
593.0 256.0


247

4
7.0 257.0
8.0 269.0
8.0 269.0
7.0 257.0


248

2
642.0 257.0
642.0 257.0


249

2
773.0 257.0
773.0 257.0


250

2
776.0 258.0
776.0 258.0


251

2
604.0 260.0
604.0 260.0


252

6
570.0 261.0
571.0 269.0
571.0 269.0
566.0 265.0
566.0 265.0
570.0 261.0


253

2
509.0 262.0
509.0 262.0


254

4
616.0 264.0
611.0 268.0
611.0 268.0
616.0 264.0


255

2
589.0 265.0
589.0 265.0


256

8
495.0 266.0
496.0 270.0
496.0 270.0
487.0 276.0
487.0 276.0
486.0 269.0
486.0 269.0
495.0 266.0


257

2
818.0 266.0
818.0 266.0


258

6
587.0 267.0
589.0 274.0
589.0 274.0
585.0 274.0
585.0 274.0
587.0 267.0


259

4
788.0 267.0
792.0 272.0
792.0 272.0
788.0 267.0


260

6
507.0 268.0
511.0 270.0
511.0 270.0
511.0 264.0
511.0 264.0
507.0 268.0


261

10
609.0 268.0
611.0 271.0
611.0 271.0
598.0 282.0
598.0 282.0
595.0 292.0
595.0 292.0
588.0 293.0
588.0 293.0
609.0 268.0


262

6
636.0 268.0
640.0 272.0
640.0 272.0
633.0 283.0
633.0 283.0
636.0 268.0


263

4
793.0 268.0
797.0 272.0
797.0 272.0
793.0 268.0


264

4
464.0 269.0
463.0 273.0
463.0 273.0
464.0 269.0


265

6
619.0 269.0
621.0 274.0
621.0 274.0
616.0 276.0
616.0 276.0
619.0 269.0


266

2
462.0 270.0
462.0 270.0


267

2
492.0 271.0
492.0 271.0


268

2
780.0 271.0
780.0 271.0


269

2
7.0 272.0
7.0 272.0


270

4
527.0 272.0
528.0 279.0
528.0 279.0
527.0 272.0


271

2
783.0 272.0
783.0 272.0


272

2
645.0 274.0
645.0 274.0


273

2
798.0 274.0
798.0 274.0


274

2
499.0 276.0
499.0 276.0


275

2
577.0 277.0
577.0 277.0


276

2
652.0 277.0
652.0 277.0


277

2
9.0 278.0
9.0 278.0


278

2
606.0 278.0
606.0 278.0


279

4
609.0 278.0
607.0 281.0
607.0 281.0
609.0 278.0


280

2
627.0 278.0
627.0 278.0


281

2
804.0 278.0
804.0 278.0


282

2
501.0 279.0
501.0 279.0


283

4
618.0 279.0
612.0 287.0
612.0 287.0
618.0 279.0


284

2
796.0 279.0
796.0 279.0


285

2
8.0 280.0
8.0 280.0


286

2
503.0 280.0
503.0 280.0


287

2
787.0 280.0
787.0 280.0


288

2
557.0 281.0
557.0 281.0


289

2
626.0 281.0
626.0 281.0


290

2
643.0 283.0
643.0 283.0


291

2
7.0 284.0
7.0 284.0


292

2
9.0 284.0
9.0 284.0


293

6
557.0 284.0
562.0 289.0
562.0 289.0
556.0 296.0
556.0 296.0
557.0 284.0


294

2
783.0 284.0
783.0 284.0


295

2
644.0 285.0
644.0 285.0


296

2
7.0 286.0
7.0 286.0


297

8
576.0 286.0
581.0 290.0
581.0 290.0
570.0 301.0
570.0 301.0
567.0 295.0
567.0 295.0
576.0 286.0


298

2
583.0 286.0
583.0 286.0


299

2
641.0 286.0
641.0 286.0


300

2
643.0 286.0
643.0 286.0


301

14
494.0 288.0
493.0 306.0
493.0 306.0
487.0 324.0
487.0 324.0
483.0 325.0
483.0 325.0
480.0 315.0
480.0 315.0
487.0 309.0
487.0 309.0
487.0 294.0
487.0 294.0
494.0 288.0


302

4
641.0 288.0
638.0 291.0
638.0 291.0
641.0 288.0


303

2
643.0 288.0
643.0 288.0


304

6
806.0 288.0
814.0 292.0
814.0 292.0
806.0 292.0
806.0 292.0
806.0 288.0


305

2
475.0 289.0
475.0 289.0


306

2
642.0 289.0
642.0 289.0


307

2
643.0 290.0
643.0 290.0


308

2
816.0 290.0
816.0 290.0


309

6
604.0 292.0
605.0 297.0
605.0 297.0
601.0 296.0
601.0 296.0
604.0 292.0


310

10
500.0 293.0
505.0 299.0
505.0 299.0
515.0 300.0
515.0 300.0
514.0 303.0
514.0 303.0
497.0 306.0
497.0 306.0
500.0 293.0


311

2
515.0 293.0
515.0 293.0


312

4
787.0 293.0
791.0 295.0
791.0 295.0
787.0 293.0


313

10
550.0 294.0
554.0 304.0
554.0 304.0
541.0 312.0
541.0 312.0
536.0 302.0
536.0 302.0
545.0 308.0
545.0 308.0
550.0 294.0


314

8
623.0 294.0
627.0 296.0
627.0 296.0
613.0 302.0
613.0 302.0
615.0 296.0
615.0 296.0
623.0 294.0


315

2
558.0 296.0
558.0 296.0


316

2
629.0 296.0
629.0 296.0


317

2
791.0 296.0
791.0 296.0


318

6
808.0 296.0
818.0 299.0
818.0 299.0
820.0 312.0
820.0 312.0
808.0 296.0


319

2
837.0 296.0
837.0 296.0


320

24
597.0 297.0
600.0 301.0
600.0 301.0
594.0 307.0
594.0 307.0
605.0 308.0
605.0 308.0
607.0 320.0
607.0 320.0
601.0 320.0
601.0 320.0
600.0 314.0
600.0 314.0
594.0 312.0
594.0 312.0
594.0 328.0
594.0 328.0
587.0 322.0
587.0 322.0
586.0 313.0
586.0 313.0
594.0 308.0
594.0 308.0
597.0 297.0


321

2
640.0 298.0
640.0 298.0


322

2
838.0 299.0
838.0 299.0


323

2
1001.0 300.0
1001.0 300.0


324

2
1003.0 302.0
1003.0 302.0


325

10
568.0 303.0
572.0 305.0
572.0 305.0
570.0 311.0
570.0 311.0
557.0 308.0
557.0 308.0
566.0 308.0
566.0 308.0
568.0 303.0


326

6
613.0 303.0
617.0 309.0
617.0 309.0
611.0 313.0
611.0 313.0
613.0 303.0


327

4
635.0 303.0
636.0 306.0
636.0 306.0
635.0 303.0


328

2
1004.0 303.0
1004.0 303.0


329

4
577.0 304.0
583.0 306.0
583.0 306.0
577.0 304.0


330

4
481.0 305.0
483.0 309.0
483.0 309.0
481.0 305.0


331

10
520.0 305.0
532.0 309.0
532.0 309.0
515.0 317.0
515.0 317.0
505.0 311.0
505.0 311.0
516.0 310.0
516.0 310.0
520.0 305.0


332

2
629.0 305.0
629.0 305.0


333

2
821.0 305.0
821.0 305.0


334

2
628.0 306.0
628.0 306.0


335

2
630.0 306.0
630.0 306.0


336

2
645.0 306.0
645.0 306.0


337

2
567.0 307.0
567.0 307.0


338

2
629.0 307.0
629.0 307.0


339

2
569.0 310.0
569.0 310.0


340

8
624.0 310.0
627.0 315.0
627.0 315.0
636.0 316.0
636.0 316.0
628.0 318.0
628.0 318.0
624.0 310.0


341

18
496.0 312.0
506.0 319.0
506.0 319.0
497.0 332.0
497.0 332.0
505.0 330.0
505.0 330.0
512.0 336.0
512.0 336.0
509.0 340.0
509.0 340.0
492.0 334.0
492.0 334.0
493.0 326.0
493.0 326.0
500.0 321.0
500.0 321.0
496.0 312.0


342

4
523.0 313.0
518.0 312.0
518.0 312.0
523.0 313.0


343

14
1006.0 313.0
1006.0 305.0
1006.0 305.0
999.0 298.0
999.0 298.0
991.0 300.0
991.0 300.0
990.0 390.0
990.0 390.0
1007.0 439.0
1007.0 439.0
1010.0 415.0
1010.0 415.0
1006.0 313.0


344

4
553.0 314.0
557.0 318.0
557.0 318.0
553.0 314.0


345

4
573.0 314.0
575.0 319.0
575.0 319.0
573.0 314.0


346

2
1006.0 315.0
1006.0 315.0


347

6
568.0 316.0
574.0 322.0
574.0 322.0
566.0 331.0
566.0 331.0
568.0 316.0


348

8
513.0 318.0
519.0 324.0
519.0 324.0
517.0 329.0
517.0 329.0
510.0 324.0
510.0 324.0
513.0 318.0


349

20
535.0 318.0
539.0 320.0
539.0 320.0
538.0 326.0
538.0 326.0
528.0 333.0
528.0 333.0
540.0 342.0
540.0 342.0
526.0 349.0
526.0 349.0
536.0 357.0
536.0 357.0
525.0 359.0
525.0 359.0
516.0 345.0
516.0 345.0
526.0 338.0
526.0 338.0
535.0 318.0


350

4
836.0 318.0
838.0 323.0
838.0 323.0
836.0 318.0


351

14
471.0 321.0
476.0 323.0
476.0 323.0
474.0 351.0
474.0 351.0
468.0 348.0
468.0 348.0
472.0 328.0
472.0 328.0
466.0 328.0
466.0 328.0
466.0 324.0
466.0 324.0
471.0 321.0


352

4
547.0 322.0
548.0 326.0
548.0 326.0
547.0 322.0


353

2
491.0 323.0
491.0 323.0


354

2
580.0 323.0
580.0 323.0


355

2
582.0 324.0
582.0 324.0


356

12
615.0 324.0
620.0 334.0
620.0 334.0
616.0 334.0
616.0 334.0
616.0 340.0
616.0 340.0
600.0 327.0
600.0 327.0
610.0 331.0
610.0 331.0
615.0 324.0


357

2
497.0 327.0
497.0 327.0


358

6
626.0 327.0
629.0 335.0
629.0 335.0
624.0 333.0
624.0 333.0
626.0 327.0


359

2
498.0 328.0
498.0 328.0


360

14
572.0 329.0
579.0 345.0
579.0 345.0
575.0 345.0
575.0 345.0
573.0 338.0
573.0 338.0
549.0 346.0
549.0 346.0
551.0 340.0
551.0 340.0
568.0 337.0
568.0 337.0
572.0 329.0


361

4
483.0 330.0
489.0 333.0
489.0 333.0
483.0 330.0


362

4
583.0 330.0
579.0 336.0
579.0 336.0
583.0 330.0


363

2
572.0 333.0
572.0 333.0


364

2
616.0 333.0
616.0 333.0


365

2
577.0 336.0
577.0 336.0


366

2
835.0 340.0
835.0 340.0


367

6
532.0 341.0
528.0 339.0
528.0 339.0
528.0 343.0
528.0 343.0
532.0 341.0


368

2
558.0 342.0
558.0 342.0


369

10
487.0 345.0
491.0 347.0
491.0 347.0
487.0 353.0
487.0 353.0
490.0 371.0
490.0 371.0
485.0 363.0
485.0 363.0
487.0 345.0


370

6
507.0 345.0
508.0 354.0
508.0 354.0
504.0 350.0
504.0 350.0
507.0 345.0


371

28
576.0 346.0
579.0 356.0
579.0 356.0
575.0 368.0
575.0 368.0
554.0 397.0
554.0 397.0
549.0 391.0
549.0 391.0
551.0 381.0
551.0 381.0
561.0 380.0
561.0 380.0
551.0 371.0
551.0 371.0
559.0 364.0
559.0 364.0
560.0 372.0
560.0 372.0
564.0 363.0
564.0 363.0
571.0 363.0
571.0 363.0
572.0 353.0
572.0 353.0
559.0 357.0
559.0 357.0
576.0 346.0


372

2
1414.0 346.0
1414.0 346.0


373

2
459.0 347.0
459.0 347.0


374

6
494.0 347.0
497.0 357.0
497.0 357.0
493.0 355.0
493.0 355.0
494.0 347.0


375

2
1413.0 347.0
1413.0 347.0


376

2
572.0 348.0
572.0 348.0


377

2
524.0 349.0
524.0 349.0


378

2
1414.0 349.0
1414.0 349.0


379

2
570.0 351.0
570.0 351.0


380

2
574.0 351.0
574.0 351.0


381

2
571.0 352.0
571.0 352.0


382

2
486.0 353.0
486.0 353.0


383

2
584.0 353.0
584.0 353.0


384

20
515.0 355.0
517.0 361.0
517.0 361.0
525.0 361.0
525.0 361.0
508.0 364.0
508.0 364.0
508.0 376.0
508.0 376.0
518.0 366.0
518.0 366.0
519.0 372.0
519.0 372.0
514.0 379.0
514.0 379.0
505.0 379.0
505.0 379.0
502.0 369.0
502.0 369.0
515.0 355.0


385

2
584.0 355.0
584.0 355.0


386

2
1407.0 356.0
1407.0 356.0


387

4
467.0 357.0
470.0 363.0
470.0 363.0
467.0 357.0


388

4
549.0 357.0
552.0 360.0
552.0 360.0
549.0 357.0


389

2
1406.0 359.0
1406.0 359.0


390

2
560.0 360.0
560.0 360.0


391

2
10.0 361.0
10.0 361.0


392

2
515.0 362.0
515.0 362.0


393

2
610.0 362.0
610.0 362.0


394

6
828.0 362.0
836.0 365.0
836.0 365.0
833.0 359.0
833.0 359.0
828.0 362.0


395

8
1404.0 362.0
1411.0 363.0
1411.0 363.0
1410.0 370.0
1410.0 370.0
1404.0 371.0
1404.0 371.0
1404.0 362.0


396

2
1406.0 362.0
1406.0 362.0


397

2
10.0 364.0
10.0 364.0


398

2
11.0 367.0
11.0 367.0


399

2
1406.0 368.0
1406.0 368.0


400

4
10.0 369.0
13.0 368.0
13.0 368.0
10.0 369.0


401

2
11.0 371.0
11.0 371.0


402

2
530.0 371.0
530.0 371.0


403

4
1406.0 371.0
1410.0 372.0
1410.0 372.0
1406.0 371.0


404

2
11.0 373.0
11.0 373.0


405

2
479.0 373.0
479.0 373.0


406

6
490.0 373.0
496.0 376.0
496.0 376.0
495.0 384.0
495.0 384.0
490.0 373.0


407

24
529.0 373.0
534.0 389.0
534.0 389.0
527.0 398.0
527.0 398.0
534.0 398.0
534.0 398.0
536.0 407.0
536.0 407.0
539.0 403.0
539.0 403.0
543.0 405.0
543.0 405.0
532.0 414.0
532.0 414.0
525.0 412.0
525.0 412.0
530.0 401.0
530.0 401.0
522.0 398.0
522.0 398.0
528.0 393.0
528.0 393.0
529.0 373.0


408

2
1409.0 373.0
1409.0 373.0


409

2
12.0 374.0
12.0 374.0


410

2
1406.0 374.0
1406.0 374.0


411

66
479.0 375.0
484.0 378.0
484.0 378.0
489.0 404.0
489.0 404.0
499.0 411.0
499.0 411.0
506.0 409.0
506.0 409.0
515.0 422.0
515.0 422.0
510.0 427.0
510.0 427.0
501.0 414.0
501.0 414.0
493.0 413.0
493.0 413.0
507.0 434.0
507.0 434.0
510.0 429.0
510.0 429.0
513.0 433.0
513.0 433.0
510.0 465.0
510.0 465.0
518.0 476.0
518.0 476.0
517.0 486.0
517.0 486.0
507.0 480.0
507.0 480.0
497.0 484.0
497.0 484.0
482.0 480.0
482.0 480.0
477.0 464.0
477.0 464.0
479.0 447.0
479.0 447.0
500.0 435.0
500.0 435.0
496.0 429.0
496.0 429.0
483.0 433.0
483.0 433.0
484.0 413.0
484.0 413.0
477.0 414.0
477.0 414.0
474.0 421.0
474.0 421.0
472.0 466.0
472.0 466.0
463.0 450.0
463.0 450.0
462.0 411.0
462.0 411.0
469.0 408.0
469.0 408.0
485.0 412.0
485.0 412.0
488.0 405.0
488.0 405.0
477.0 396.0
477.0 396.0
479.0 375.0


412

2
524.0 375.0
524.0 375.0


413

2
11.0 376.0
11.0 376.0


414

6
845.0 377.0
853.0 384.0
853.0 384.0
845.0 385.0
845.0 385.0
845.0 377.0


415

2
1408.0 377.0
1408.0 377.0


416

2
12.0 379.0
12.0 379.0


417

2
11.0 380.0
11.0 380.0


418

2
13.0 380.0
13.0 380.0


419

8
505.0 380.0
510.0 381.0
510.0 381.0
509.0 388.0
509.0 388.0
501.0 393.0
501.0 393.0
505.0 380.0


420

2
1407.0 380.0
1407.0 380.0


421

2
530.0 383.0
530.0 383.0


422

2
495.0 388.0
495.0 388.0


423

2
1402.0 388.0
1402.0 388.0


424

6
11.0 389.0
13.0 401.0
13.0 401.0
13.0 380.0
13.0 380.0
11.0 389.0


425

2
553.0 389.0
553.0 389.0


426

2
500.0 391.0
500.0 391.0


427

2
1400.0 391.0
1400.0 391.0


428

2
501.0 392.0
501.0 392.0


429

2
532.0 395.0
532.0 395.0


430

6
841.0 395.0
847.0 398.0
847.0 398.0
846.0 402.0
846.0 402.0
841.0 395.0


431

2
515.0 396.0
515.0 396.0


432

8
552.0 397.0
559.0 406.0
559.0 406.0
569.0 407.0
569.0 407.0
554.0 410.0
554.0 410.0
552.0 397.0


433

2
836.0 397.0
836.0 397.0


434

2
568.0 400.0
568.0 400.0


435

2
499.0 402.0
499.0 402.0


436

6
596.0 403.0
599.0 407.0
599.0 407.0
586.0 406.0
586.0 406.0
596.0 403.0


437

2
12.0 405.0
12.0 405.0


438

2
531.0 405.0
531.0 405.0


439

2
727.0 406.0
727.0 406.0


440

34
1495.0 406.0
1500.0 406.0
1500.0 406.0
1500.0 1000.0
1500.0 1000.0
1087.0 1000.0
1087.0 1000.0
1152.0 880.0
1152.0 880.0
1199.0 739.0
1199.0 739.0
1225.0 684.0
1225.0 684.0
1237.0 646.0
1237.0 646.0
1270.0 589.0
1270.0 589.0
1300.0 554.0
1300.0 554.0
1310.0 533.0
1310.0 533.0
1338.0 502.0
1338.0 502.0
1367.0 458.0
1367.0 458.0
1383.0 446.0
1383.0 446.0
1412.0 446.0
1412.0 446.0
1435.0 433.0
1435.0 433.0
1456.0 429.0
1456.0 429.0
1495.0 406.0


441

2
12.0 407.0
12.0 407.0


442

2
535.0 408.0
535.0 408.0


443

4
577.0 408.0
582.0 409.0
582.0 409.0
577.0 408.0


444

2
520.0 410.0
520.0 410.0


445

34
738.0 410.0
741.0 409.0
741.0 409.0
737.0 405.0
737.0 405.0
722.0 408.0
722.0 408.0
708.0 426.0
708.0 426.0
692.0 435.0
692.0 435.0
689.0 452.0
689.0 452.0
696.0 464.0
696.0 464.0
714.0 459.0
714.0 459.0
719.0 452.0
719.0 452.0
730.0 451.0
730.0 451.0
741.0 457.0
741.0 457.0
742.0 447.0
742.0 447.0
736.0 448.0
736.0 448.0
751.0 426.0
751.0 426.0
747.0 418.0
747.0 418.0
743.0 421.0
743.0 421.0
738.0 410.0


446

2
505.0 411.0
505.0 411.0


447

6
551.0 411.0
558.0 416.0
558.0 416.0
548.0 424.0
548.0 424.0
551.0 411.0


448

2
741.0 411.0
741.0 411.0


449

2
523.0 412.0
523.0 412.0


450

2
743.0 412.0
743.0 412.0


451

4
12.0 413.0
13.0 410.0
13.0 410.0
12.0 413.0


452

2
853.0 413.0
853.0 413.0


453

6
571.0 414.0
568.0 422.0
568.0 422.0
567.0 416.0
567.0 416.0
571.0 414.0


454

8
588.0 414.0
590.0 417.0
590.0 417.0
579.0 424.0
579.0 424.0
579.0 419.0
579.0 419.0
588.0 414.0


455

2
744.0 414.0
744.0 414.0


456

2
12.0 415.0
12.0 415.0


457

12
598.0 417.0
605.0 423.0
605.0 423.0
592.0 428.0
592.0 428.0
577.0 447.0
577.0 447.0
570.0 446.0
570.0 446.0
582.0 428.0
582.0 428.0
598.0 417.0


458

2
744.0 417.0
744.0 417.0


459

2
12.0 420.0
12.0 420.0


460

2
12.0 424.0
12.0 424.0


461

2
516.0 424.0
516.0 424.0


462

4
536.0 424.0
538.0 428.0
538.0 428.0
536.0 424.0


463

4
610.0 424.0
616.0 430.0
616.0 430.0
610.0 424.0


464

6
739.0 424.0
741.0 436.0
741.0 436.0
736.0 429.0
736.0 429.0
739.0 424.0


465

2
11.0 425.0
11.0 425.0


466

2
1010.0 425.0
1010.0 425.0


467

2
1379.0 425.0
1379.0 425.0


468

8
711.0 427.0
727.0 438.0
727.0 438.0
731.0 448.0
731.0 448.0
705.0 437.0
705.0 437.0
711.0 427.0


469

2
1378.0 428.0
1378.0 428.0


470

2
1349.0 429.0
1349.0 429.0


471

2
1368.0 429.0
1368.0 429.0


472

2
620.0 430.0
620.0 430.0


473

2
623.0 430.0
623.0 430.0


474

2
1378.0 430.0
1378.0 430.0


475

4
570.0 431.0
568.0 436.0
568.0 436.0
570.0 431.0


476

6
1367.0 431.0
1369.0 436.0
1369.0 436.0
1360.0 444.0
1360.0 444.0
1367.0 431.0


477

2
577.0 432.0
577.0 432.0


478

2
749.0 432.0
749.0 432.0


479

34
528.0 433.0
537.0 438.0
537.0 438.0
535.0 442.0
535.0 442.0
530.0 436.0
530.0 436.0
527.0 439.0
527.0 439.0
528.0 470.0
528.0 470.0
534.0 469.0
534.0 469.0
530.0 473.0
530.0 473.0
534.0 480.0
534.0 480.0
530.0 488.0
530.0 488.0
538.0 494.0
538.0 494.0
547.0 490.0
547.0 490.0
542.0 496.0
542.0 496.0
526.0 492.0
526.0 492.0
529.0 482.0
529.0 482.0
525.0 479.0
525.0 479.0
523.0 439.0
523.0 439.0
528.0 433.0


480

8
772.0 433.0
780.0 441.0
780.0 441.0
786.0 439.0
786.0 439.0
776.0 426.0
776.0 426.0
772.0 433.0


481

2
1008.0 434.0
1008.0 434.0


482

2
1366.0 434.0
1366.0 434.0


483

2
528.0 436.0
528.0 436.0


484

2
1367.0 436.0
1367.0 436.0


485

4
607.0 437.0
608.0 441.0
608.0 441.0
607.0 437.0


486

2
622.0 437.0
622.0 437.0


487

6
791.0 438.0
805.0 440.0
805.0 440.0
798.0 429.0
798.0 429.0
791.0 438.0


488

6
500.0 439.0
508.0 452.0
508.0 452.0
507.0 442.0
507.0 442.0
500.0 439.0


489

2
526.0 439.0
526.0 439.0


490

2
548.0 439.0
548.0 439.0


491

4
749.0 439.0
744.0 445.0
744.0 445.0
749.0 439.0


492

2
749.0 442.0
749.0 442.0


493

2
1363.0 442.0
1363.0 442.0


494

4
555.0 443.0
559.0 444.0
559.0 444.0
555.0 443.0


495

2
748.0 443.0
748.0 443.0


496

2
568.0 445.0
568.0 445.0


497

2
742.0 447.0
742.0 447.0


498

4
882.0 448.0
886.0 449.0
886.0 449.0
882.0 448.0


499

6
710.0 451.0
713.0 455.0
713.0 455.0
708.0 458.0
708.0 458.0
710.0 451.0


500

2
880.0 451.0
880.0 451.0


501

4
553.0 453.0
555.0 458.0
555.0 458.0
553.0 453.0


502

2
715.0 453.0
715.0 453.0


503

2
544.0 454.0
544.0 454.0


504

2
726.0 454.0
726.0 454.0


505

2
592.0 455.0
592.0 455.0


506

2
722.0 455.0
722.0 455.0


507

2
725.0 455.0
725.0 455.0


508

2
891.0 455.0
891.0 455.0


509

4
1005.0 455.0
1007.0 449.0
1007.0 449.0
1005.0 455.0


510

6
558.0 456.0
576.0 461.0
576.0 461.0
570.0 463.0
570.0 463.0
558.0 456.0


511

2
589.0 456.0
589.0 456.0


512

2
720.0 456.0
720.0 456.0


513

2
745.0 456.0
745.0 456.0


514

6
542.0 457.0
556.0 462.0
556.0 462.0
533.0 466.0
533.0 466.0
542.0 457.0


515

2
741.0 458.0
741.0 458.0


516

2
1008.0 458.0
1008.0 458.0


517

2
593.0 460.0
593.0 460.0


518

8
884.0 460.0
885.0 455.0
885.0 455.0
881.0 455.0
881.0 455.0
881.0 461.0
881.0 461.0
884.0 460.0


519

6
515.0 461.0
519.0 470.0
519.0 470.0
514.0 467.0
514.0 467.0
515.0 461.0


520

2
1008.0 461.0
1008.0 461.0


521

2
15.0 465.0
15.0 465.0


522

2
14.0 466.0
14.0 466.0


523

2
1008.0 466.0
1008.0 466.0


524

2
15.0 467.0
15.0 467.0


525

6
1343.0 467.0
1345.0 472.0
1345.0 472.0
1341.0 475.0
1341.0 475.0
1343.0 467.0


526

2
14.0 469.0
14.0 469.0


527

8
536.0 469.0
545.0 470.0
545.0 470.0
544.0 476.0
544.0 476.0
535.0 473.0
535.0 473.0
536.0 469.0


528

4
504.0 471.0
509.0 473.0
509.0 473.0
504.0 471.0


529

4
876.0 473.0
874.0 476.0
874.0 476.0
876.0 473.0


530

2
609.0 478.0
609.0 478.0


531

10
546.0 481.0
558.0 489.0
558.0 489.0
555.0 499.0
555.0 499.0
548.0 487.0
548.0 487.0
541.0 487.0
541.0 487.0
546.0 481.0


532

6
1327.0 481.0
1328.0 495.0
1328.0 495.0
1324.0 496.0
1324.0 496.0
1327.0 481.0


533

2
21.0 482.0
21.0 482.0


534

2
1008.0 482.0
1008.0 482.0


535

2
23.0 483.0
23.0 483.0


536

2
1009.0 483.0
1009.0 483.0


537

2
15.0 484.0
15.0 484.0


538

8
1008.0 485.0
1005.0 479.0
1005.0 479.0
1005.0 504.0
1005.0 504.0
1010.0 512.0
1010.0 512.0
1008.0 485.0


539

2
15.0 486.0
15.0 486.0


540

2
467.0 486.0
467.0 486.0


541

2
481.0 486.0
481.0 486.0


542

6
505.0 489.0
509.0 489.0
509.0 489.0
507.0 494.0
507.0 494.0
505.0 489.0


543

12
484.0 490.0
498.0 491.0
498.0 491.0
499.0 501.0
499.0 501.0
495.0 503.0
495.0 503.0
485.0 497.0
485.0 497.0
481.0 493.0
481.0 493.0
484.0 490.0


544

2
870.0 490.0
870.0 490.0


545

2
13.0 491.0
13.0 491.0


546

6
519.0 491.0
521.0 500.0
521.0 500.0
514.0 501.0
514.0 501.0
519.0 491.0


547

2
1324.0 491.0
1324.0 491.0


548

2
1322.0 492.0
1322.0 492.0


549

2
14.0 493.0
14.0 493.0


550

2
13.0 494.0
13.0 494.0


551

2
15.0 494.0
15.0 494.0


552

2
1321.0 494.0
1321.0 494.0


553

2
1325.0 495.0
1325.0 495.0


554

8
1321.0 496.0
1323.0 499.0
1323.0 499.0
1306.0 513.0
1306.0 513.0
1312.0 501.0
1312.0 501.0
1321.0 496.0


555

4
816.0 499.0
820.0 503.0
820.0 503.0
816.0 499.0


556

4
554.0 500.0
558.0 509.0
558.0 509.0
554.0 500.0


557

10
543.0 501.0
547.0 509.0
547.0 509.0
543.0 505.0
543.0 505.0
540.0 514.0
540.0 514.0
536.0 509.0
536.0 509.0
543.0 501.0


558

4
533.0 503.0
534.0 510.0
534.0 510.0
533.0 503.0


559

2
1313.0 503.0
1313.0 503.0


560

2
1312.0 504.0
1312.0 504.0


561

2
1311.0 505.0
1311.0 505.0


562

2
541.0 506.0
541.0 506.0


563

2
1310.0 506.0
1310.0 506.0


564

4
547.0 510.0
549.0 513.0
549.0 513.0
547.0 510.0


565

10
702.0 510.0
691.0 508.0
691.0 508.0
679.0 513.0
679.0 513.0
677.0 519.0
677.0 519.0
686.0 519.0
686.0 519.0
702.0 510.0


566

2
1008.0 513.0
1008.0 513.0


567

2
1010.0 513.0
1010.0 513.0


568

2
518.0 514.0
518.0 514.0


569

2
1009.0 514.0
1009.0 514.0


570

2
1304.0 514.0
1304.0 514.0


571

2
697.0 515.0
697.0 515.0


572

2
1008.0 515.0
1008.0 515.0


573

2
1302.0 515.0
1302.0 515.0


574

2
16.0 516.0
16.0 516.0


575

2
516.0 516.0
516.0 516.0


576

2
566.0 516.0
566.0 516.0


577

2
1008.0 517.0
1008.0 517.0


578

2
1010.0 518.0
1010.0 518.0


579

2
1299.0 518.0
1299.0 518.0


580

4
531.0 519.0
534.0 524.0
534.0 524.0
531.0 519.0


581

2
874.0 519.0
874.0 519.0


582

2
876.0 519.0
876.0 519.0


583

2
1008.0 519.0
1008.0 519.0


584

2
13.0 520.0
13.0 520.0


585

2
493.0 521.0
493.0 521.0


586

2
870.0 521.0
870.0 521.0


587

2
1295.0 521.0
1295.0 521.0


588

6
548.0 524.0
552.0 528.0
552.0 528.0
548.0 529.0
548.0 529.0
548.0 524.0


589

2
1293.0 524.0
1293.0 524.0


590

2
13.0 525.0
13.0 525.0


591

2
497.0 525.0
497.0 525.0


592

2
1008.0 525.0
1008.0 525.0


593

2
1010.0 525.0
1010.0 525.0


594

2
11.0 526.0
11.0 526.0


595

2
496.0 527.0
496.0 527.0


596

2
521.0 527.0
521.0 527.0


597

2
563.0 527.0
563.0 527.0


598

2
1293.0 527.0
1293.0 527.0


599

2
494.0 528.0
494.0 528.0


600

2
497.0 528.0
497.0 528.0


601

2
500.0 528.0
500.0 528.0


602

30
520.0 528.0
510.0 523.0
510.0 523.0
500.0 529.0
500.0 529.0
504.0 532.0
504.0 532.0
500.0 536.0
500.0 536.0
499.0 566.0
499.0 566.0
504.0 584.0
504.0 584.0
501.0 600.0
501.0 600.0
509.0 624.0
509.0 624.0
507.0 633.0
507.0 633.0
515.0 631.0
515.0 631.0
512.0 624.0
512.0 624.0
517.0 630.0
517.0 630.0
526.0 628.0
526.0 628.0
535.0 600.0
535.0 600.0
520.0 528.0


603

2
13.0 529.0
13.0 529.0


604

2
11.0 530.0
11.0 530.0


605

2
497.0 530.0
497.0 530.0


606

2
503.0 530.0
503.0 530.0


607

52
702.0 530.0
700.0 535.0
700.0 535.0
697.0 527.0
697.0 527.0
690.0 527.0
690.0 527.0
688.0 531.0
688.0 531.0
680.0 529.0
680.0 529.0
679.0 534.0
679.0 534.0
684.0 542.0
684.0 542.0
690.0 540.0
690.0 540.0
695.0 544.0
695.0 544.0
704.0 540.0
704.0 540.0
711.0 544.0
711.0 544.0
718.0 537.0
718.0 537.0
723.0 541.0
723.0 541.0
737.0 537.0
737.0 537.0
741.0 542.0
741.0 542.0
750.0 542.0
750.0 542.0
771.0 539.0
771.0 539.0
786.0 530.0
786.0 530.0
794.0 532.0
794.0 532.0
792.0 525.0
792.0 525.0
781.0 522.0
781.0 522.0
776.0 527.0
776.0 527.0
735.0 529.0
735.0 529.0
724.0 525.0
724.0 525.0
704.0 526.0
704.0 526.0
702.0 530.0


608

6
716.0 530.0
721.0 533.0
721.0 533.0
716.0 535.0
716.0 535.0
716.0 530.0


609

2
496.0 531.0
496.0 531.0


610

2
498.0 531.0
498.0 531.0


611

2
701.0 531.0
701.0 531.0


612

2
1290.0 531.0
1290.0 531.0


613

2
499.0 532.0
499.0 532.0


614

4
688.0 532.0
690.0 539.0
690.0 539.0
688.0 532.0


615

2
498.0 533.0
498.0 533.0


616

2
501.0 533.0
501.0 533.0


617

2
496.0 534.0
496.0 534.0


618

2
737.0 534.0
737.0 534.0


619

2
1287.0 534.0
1287.0 534.0


620

2
499.0 535.0
499.0 535.0


621

10
10.0 536.0
11.0 543.0
11.0 543.0
16.0 536.0
16.0 536.0
15.0 561.0
15.0 561.0
10.0 558.0
10.0 558.0
10.0 536.0


622

2
866.0 536.0
866.0 536.0


623

2
1286.0 536.0
1286.0 536.0


624

2
1285.0 538.0
1285.0 538.0


625

2
1284.0 540.0
1284.0 540.0


626

2
550.0 544.0
550.0 544.0


627

4
860.0 545.0
864.0 546.0
864.0 546.0
860.0 545.0


628

2
872.0 547.0
872.0 547.0


629

2
14.0 549.0
14.0 549.0


630

12
863.0 550.0
865.0 557.0
865.0 557.0
856.0 560.0
856.0 560.0
857.0 564.0
857.0 564.0
874.0 555.0
874.0 555.0
870.0 546.0
870.0 546.0
863.0 550.0


631

4
539.0 552.0
544.0 559.0
544.0 559.0
539.0 552.0


632

4
857.0 552.0
860.0 549.0
860.0 549.0
857.0 552.0


633

2
16.0 554.0
16.0 554.0


634

4
1275.0 556.0
1276.0 559.0
1276.0 559.0
1275.0 556.0


635

2
520.0 557.0
520.0 557.0


636

2
523.0 557.0
523.0 557.0


637

2
11.0 558.0
11.0 558.0


638

2
525.0 560.0
525.0 560.0


639

2
555.0 560.0
555.0 560.0


640

2
521.0 561.0
521.0 561.0


641

2
557.0 561.0
557.0 561.0


642

2
11.0 562.0
11.0 562.0


643

6
10.0 565.0
17.0 567.0
17.0 567.0
15.0 591.0
15.0 591.0
10.0 565.0


644

2
523.0 566.0
523.0 566.0


645

2
525.0 566.0
525.0 566.0


646

12
1258.0 566.0
1264.0 568.0
1264.0 568.0
1218.0 583.0
1218.0 583.0
1224.0 576.0
1224.0 576.0
1233.0 576.0
1233.0 576.0
1231.0 573.0
1231.0 573.0
1258.0 566.0


647

8
856.0 567.0
850.0 572.0
850.0 572.0
854.0 574.0
854.0 574.0
860.0 566.0
860.0 566.0
856.0 567.0


648

2
1251.0 570.0
1251.0 570.0


649

2
13.0 574.0
13.0 574.0


650

6
560.0 574.0
564.0 576.0
564.0 576.0
562.0 571.0
562.0 571.0
560.0 574.0


651

8
847.0 574.0
847.0 585.0
847.0 585.0
857.0 587.0
857.0 587.0
850.0 572.0
850.0 572.0
847.0 574.0


652

2
1009.0 575.0
1009.0 575.0


653

2
13.0 577.0
13.0 577.0


654

2
1228.0 578.0
1228.0 578.0


655

2
1009.0 579.0
1009.0 579.0


656

2
1227.0 579.0
1227.0 579.0


657

2
1223.0 580.0
1223.0 580.0


658

2
562.0 581.0
562.0 581.0


659

4
1215.0 581.0
1214.0 584.0
1214.0 584.0
1215.0 581.0


660

2
1222.0 581.0
1222.0 581.0


661

2
1224.0 581.0
1224.0 581.0


662

2
14.0 582.0
14.0 582.0


663

2
1009.0 582.0
1009.0 582.0


664

2
1009.0 584.0
1009.0 584.0


665

4
16.0 585.0
19.0 587.0
19.0 587.0
16.0 585.0


666

2
1010.0 585.0
1010.0 585.0


667

4
1206.0 585.0
1210.0 588.0
1210.0 588.0
1206.0 585.0


668

2
1009.0 586.0
1009.0 586.0


669

2
578.0 587.0
578.0 587.0


670

2
1012.0 587.0
1012.0 587.0


671

2
18.0 588.0
18.0 588.0


672

2
568.0 588.0
568.0 588.0


673

30
1200.0 588.0
1202.0 591.0
1202.0 591.0
1192.0 595.0
1192.0 595.0
1176.0 619.0
1176.0 619.0
1165.0 625.0
1165.0 625.0
1166.0 631.0
1166.0 631.0
1147.0 655.0
1147.0 655.0
1135.0 663.0
1135.0 663.0
1142.0 671.0
1142.0 671.0
1185.0 692.0
1185.0 692.0
1105.0 661.0
1105.0 661.0
1105.0 657.0
1105.0 657.0
1122.0 658.0
1122.0 658.0
1141.0 648.0
1141.0 648.0
1161.0 619.0
1161.0 619.0
1200.0 588.0


674

10
1009.0 589.0
1007.0 596.0
1007.0 596.0
1012.0 598.0
1012.0 598.0
1014.0 591.0
1014.0 591.0
1011.0 586.0
1011.0 586.0
1009.0 589.0


675

2
1203.0 589.0
1203.0 589.0


676

2
17.0 591.0
17.0 591.0


677

2
13.0 599.0
13.0 599.0


678

2
1008.0 599.0
1008.0 599.0


679

2
1012.0 599.0
1012.0 599.0


680

2
1188.0 599.0
1188.0 599.0


681

2
1011.0 600.0
1011.0 600.0


682

2
1186.0 601.0
1186.0 601.0


683

4
565.0 603.0
564.0 611.0
564.0 611.0
565.0 603.0


684

2
584.0 604.0
584.0 604.0


685

2
15.0 608.0
15.0 608.0


686

4
514.0 610.0
516.0 615.0
516.0 615.0
514.0 610.0


687

2
1108.0 610.0
1108.0 610.0


688

2
511.0 611.0
511.0 611.0


689

2
1178.0 611.0
1178.0 611.0


690

2
576.0 612.0
576.0 612.0


691

2
831.0 612.0
831.0 612.0


692

2
576.0 616.0
576.0 616.0


693

2
830.0 617.0
830.0 617.0


694

2
1177.0 617.0
1177.0 617.0


695

4
589.0 618.0
594.0 620.0
594.0 620.0
589.0 618.0


696

2
585.0 620.0
585.0 620.0


697

2
588.0 620.0
588.0 620.0


698

6
1130.0 620.0
1139.0 627.0
1139.0 627.0
1131.0 627.0
1131.0 627.0
1130.0 620.0


699

2
587.0 621.0
587.0 621.0


700

10
848.0 621.0
867.0 628.0
867.0 628.0
868.0 632.0
868.0 632.0
848.0 629.0
848.0 629.0
843.0 623.0
843.0 623.0
848.0 621.0


701

2
561.0 622.0
561.0 622.0


702

2
586.0 622.0
586.0 622.0


703

2
1249.0 624.0
1249.0 624.0


704

2
521.0 625.0
521.0 625.0


705

2
517.0 626.0
517.0 626.0


706

2
568.0 626.0
568.0 626.0


707

2
512.0 627.0
512.0 627.0


708

4
570.0 627.0
574.0 631.0
574.0 631.0
570.0 627.0


709

4
833.0 631.0
836.0 640.0
836.0 640.0
833.0 631.0


710

2
505.0 633.0
505.0 633.0


711

2
610.0 633.0
610.0 633.0


712

2
824.0 633.0
824.0 633.0


713

2
506.0 634.0
506.0 634.0


714

2
583.0 634.0
583.0 634.0


715

2
611.0 635.0
611.0 635.0


716

2
585.0 637.0
585.0 637.0


717

2
610.0 637.0
610.0 637.0


718

2
821.0 637.0
821.0 637.0


719

4
583.0 638.0
584.0 642.0
584.0 642.0
583.0 638.0


720

4
828.0 639.0
832.0 647.0
832.0 647.0
828.0 639.0


721

2
441.0 640.0
441.0 640.0


722

20
444.0 640.0
424.0 631.0
424.0 631.0
402.0 634.0
402.0 634.0
380.0 656.0
380.0 656.0
378.0 668.0
378.0 668.0
419.0 652.0
419.0 652.0
483.0 644.0
483.0 644.0
478.0 639.0
478.0 639.0
459.0 637.0
459.0 637.0
448.0 643.0
448.0 643.0
444.0 640.0


723

2
452.0 640.0
452.0 640.0


724

4
456.0 640.0
458.0 645.0
458.0 645.0
456.0 640.0


725

2
458.0 640.0
458.0 640.0


726

4
462.0 640.0
461.0 643.0
461.0 643.0
462.0 640.0


727

4
465.0 640.0
470.0 641.0
470.0 641.0
465.0 640.0


728

4
472.0 640.0
473.0 643.0
473.0 643.0
472.0 640.0


729

2
474.0 640.0
474.0 640.0


730

2
855.0 640.0
855.0 640.0


731

2
445.0 641.0
445.0 641.0


732

2
478.0 641.0
478.0 641.0


733

4
580.0 641.0
582.0 644.0
582.0 644.0
580.0 641.0


734

2
589.0 641.0
589.0 641.0


735

4
606.0 641.0
609.0 639.0
609.0 639.0
606.0 641.0


736

2
876.0 641.0
876.0 641.0


737

6
882.0 641.0
885.0 640.0
885.0 640.0
874.0 644.0
874.0 644.0
882.0 641.0


738

4
450.0 642.0
453.0 643.0
453.0 643.0
450.0 642.0


739

2
479.0 642.0
479.0 642.0


740

2
590.0 642.0
590.0 642.0


741

2
444.0 643.0
444.0 643.0


742

2
470.0 643.0
470.0 643.0


743

24
527.0 643.0
531.0 648.0
531.0 648.0
523.0 663.0
523.0 663.0
520.0 688.0
520.0 688.0
508.0 681.0
508.0 681.0
511.0 668.0
511.0 668.0
503.0 660.0
503.0 660.0
495.0 659.0
495.0 659.0
485.0 668.0
485.0 668.0
472.0 667.0
472.0 667.0
482.0 659.0
482.0 659.0
514.0 655.0
514.0 655.0
527.0 643.0


744

2
574.0 643.0
574.0 643.0


745

2
452.0 644.0
452.0 644.0


746

2
581.0 645.0
581.0 645.0


747

2
617.0 648.0
617.0 648.0


748

8
812.0 649.0
820.0 651.0
820.0 651.0
822.0 647.0
822.0 647.0
818.0 643.0
818.0 643.0
812.0 649.0


749

4
624.0 650.0
627.0 646.0
627.0 646.0
624.0 650.0


750

4
543.0 651.0
544.0 654.0
544.0 654.0
543.0 651.0


751

2
589.0 652.0
589.0 652.0


752

2
627.0 652.0
627.0 652.0


753

4
632.0 652.0
635.0 650.0
635.0 650.0
632.0 652.0


754

6
814.0 654.0
811.0 650.0
811.0 650.0
810.0 655.0
810.0 655.0
814.0 654.0


755

4
542.0 655.0
543.0 659.0
543.0 659.0
542.0 655.0


756

4
804.0 655.0
806.0 659.0
806.0 659.0
804.0 655.0


757

2
632.0 656.0
632.0 656.0


758

2
809.0 657.0
809.0 657.0


759

4
1057.0 657.0
1069.0 660.0
1069.0 660.0
1057.0 657.0


760

2
1103.0 658.0
1103.0 658.0


761

2
1113.0 660.0
1113.0 660.0


762

2
589.0 662.0
589.0 662.0


763

2
806.0 662.0
806.0 662.0


764

2
491.0 663.0
491.0 663.0


765

8
997.0 663.0
1001.0 663.0
1001.0 663.0
998.0 669.0
998.0 669.0
985.0 669.0
985.0 669.0
997.0 663.0


766

2
370.0 665.0
370.0 665.0


767

2
374.0 665.0
374.0 665.0


768

2
1133.0 665.0
1133.0 665.0


769

2
373.0 666.0
373.0 666.0


770

4
376.0 666.0
379.0 665.0
379.0 665.0
376.0 666.0


771

6
800.0 667.0
803.0 670.0
803.0 670.0
801.0 663.0
801.0 663.0
800.0 667.0


772

2
370.0 668.0
370.0 668.0


773

2
373.0 668.0
373.0 668.0


774

10
421.0 668.0
433.0 669.0
433.0 669.0
437.0 679.0
437.0 679.0
426.0 685.0
426.0 685.0
383.0 685.0
383.0 685.0
421.0 668.0


775

4
546.0 668.0
548.0 671.0
548.0 671.0
546.0 668.0


776

4
585.0 668.0
587.0 676.0
587.0 676.0
585.0 668.0


777

2
368.0 669.0
368.0 669.0


778

6
375.0 669.0
378.0 670.0
378.0 670.0
376.0 666.0
376.0 666.0
375.0 669.0


779

10
483.0 669.0
483.0 681.0
483.0 681.0
466.0 688.0
466.0 688.0
471.0 674.0
471.0 674.0
484.0 674.0
484.0 674.0
483.0 669.0


780

4
658.0 669.0
660.0 665.0
660.0 665.0
658.0 669.0


781

4
1054.0 669.0
1057.0 668.0
1057.0 668.0
1054.0 669.0


782

2
369.0 670.0
369.0 670.0


783

2
372.0 670.0
372.0 670.0


784

2
427.0 670.0
427.0 670.0


785

2
437.0 670.0
437.0 670.0


786

4
642.0 670.0
646.0 671.0
646.0 671.0
642.0 670.0


787

2
368.0 671.0
368.0 671.0


788

2
374.0 671.0
374.0 671.0


789

4
499.0 671.0
504.0 674.0
504.0 674.0
499.0 671.0


790

2
369.0 672.0
369.0 672.0


791

2
431.0 672.0
431.0 672.0


792

6
794.0 672.0
799.0 674.0
799.0 674.0
795.0 668.0
795.0 668.0
794.0 672.0


793

2
434.0 673.0
434.0 673.0


794

2
432.0 674.0
432.0 674.0


795

2
336.0 675.0
336.0 675.0


796

2
791.0 675.0
791.0 675.0


797

6
500.0 677.0
504.0 680.0
504.0 680.0
498.0 683.0
498.0 683.0
500.0 677.0


798

4
549.0 678.0
553.0 682.0
553.0 682.0
549.0 678.0


799

2
1113.0 679.0
1113.0 679.0


800

2
840.0 680.0
840.0 680.0


801

4
1127.0 680.0
1130.0 682.0
1130.0 682.0
1127.0 680.0


802

2
1158.0 680.0
1158.0 680.0


803

2
329.0 681.0
329.0 681.0


804

4
438.0 681.0
439.0 689.0
439.0 689.0
438.0 681.0


805

4
330.0 682.0
333.0 683.0
333.0 683.0
330.0 682.0


806

2
654.0 682.0
654.0 682.0


807

2
1138.0 682.0
1138.0 682.0


808

2
324.0 683.0
324.0 683.0


809

2
326.0 683.0
326.0 683.0


810

2
334.0 683.0
334.0 683.0


811

2
1140.0 683.0
1140.0 683.0


812

2
1163.0 683.0
1163.0 683.0


813

2
331.0 684.0
331.0 684.0


814

2
313.0 686.0
313.0 686.0


815

4
448.0 686.0
450.0 691.0
450.0 691.0
448.0 686.0


816

2
469.0 687.0
469.0 687.0


817

2
471.0 687.0
471.0 687.0


818

2
518.0 689.0
518.0 689.0


819

22
363.0 691.0
399.0 696.0
399.0 696.0
427.0 694.0
427.0 694.0
441.0 697.0
441.0 697.0
442.0 701.0
442.0 701.0
437.0 705.0
437.0 705.0
410.0 699.0
410.0 699.0
385.0 701.0
385.0 701.0
384.0 696.0
384.0 696.0
381.0 699.0
381.0 699.0
361.0 695.0
361.0 695.0
363.0 691.0


820

12
481.0 691.0
485.0 697.0
485.0 697.0
480.0 702.0
480.0 702.0
473.0 699.0
473.0 699.0
468.0 708.0
468.0 708.0
469.0 700.0
469.0 700.0
481.0 691.0


821

6
1106.0 691.0
1111.0 694.0
1111.0 694.0
1105.0 696.0
1105.0 696.0
1106.0 691.0


822

8
1148.0 691.0
1156.0 692.0
1156.0 692.0
1156.0 697.0
1156.0 697.0
1143.0 697.0
1143.0 697.0
1148.0 691.0


823

2
1186.0 691.0
1186.0 691.0


824

4
561.0 692.0
563.0 695.0
563.0 695.0
561.0 692.0


825

2
1188.0 692.0
1188.0 692.0


826

2
561.0 696.0
561.0 696.0


827

2
385.0 697.0
385.0 697.0


828

2
450.0 699.0
450.0 699.0


829

6
345.0 701.0
359.0 706.0
359.0 706.0
347.0 706.0
347.0 706.0
345.0 701.0


830

2
344.0 703.0
344.0 703.0


831

6
1142.0 705.0
1139.0 711.0
1139.0 711.0
1149.0 709.0
1149.0 709.0
1142.0 705.0


832

40
303.0 706.0
318.0 706.0
318.0 706.0
327.0 712.0
327.0 712.0
352.0 712.0
352.0 712.0
380.0 724.0
380.0 724.0
386.0 731.0
386.0 731.0
371.0 728.0
371.0 728.0
359.0 719.0
359.0 719.0
354.0 722.0
354.0 722.0
343.0 718.0
343.0 718.0
341.0 723.0
341.0 723.0
334.0 715.0
334.0 715.0
329.0 715.0
329.0 715.0
329.0 723.0
329.0 723.0
321.0 726.0
321.0 726.0
319.0 721.0
319.0 721.0
324.0 712.0
324.0 712.0
315.0 712.0
315.0 712.0
308.0 718.0
308.0 718.0
300.0 711.0
300.0 711.0
303.0 706.0


833

2
487.0 709.0
487.0 709.0


834

4
551.0 709.0
552.0 717.0
552.0 717.0
551.0 709.0


835

2
488.0 710.0
488.0 710.0


836

2
1149.0 710.0
1149.0 710.0


837

2
1166.0 710.0
1166.0 710.0


838

2
1192.0 712.0
1192.0 712.0


839

2
443.0 713.0
443.0 713.0


840

2
1157.0 715.0
1157.0 715.0


841

6
388.0 716.0
392.0 718.0
392.0 718.0
385.0 715.0
385.0 715.0
388.0 716.0


842

18
396.0 718.0
399.0 723.0
399.0 723.0
410.0 725.0
410.0 725.0
416.0 721.0
416.0 721.0
425.0 728.0
425.0 728.0
434.0 722.0
434.0 722.0
431.0 716.0
431.0 716.0
422.0 720.0
422.0 720.0
412.0 714.0
412.0 714.0
396.0 718.0


843

4
310.0 719.0
313.0 727.0
313.0 727.0
310.0 719.0


844

2
360.0 720.0
360.0 720.0


845

2
453.0 720.0
453.0 720.0


846

72
266.0 721.0
270.0 722.0
270.0 722.0
269.0 730.0
269.0 730.0
276.0 724.0
276.0 724.0
288.0 730.0
288.0 730.0
313.0 767.0
313.0 767.0
349.0 865.0
349.0 865.0
348.0 878.0
348.0 878.0
335.0 847.0
335.0 847.0
337.0 841.0
337.0 841.0
329.0 835.0
329.0 835.0
333.0 831.0
333.0 831.0
325.0 818.0
325.0 818.0
325.0 808.0
325.0 808.0
320.0 805.0
320.0 805.0
323.0 800.0
323.0 800.0
318.0 790.0
318.0 790.0
314.0 785.0
314.0 785.0
305.0 787.0
305.0 787.0
297.0 781.0
297.0 781.0
301.0 778.0
301.0 778.0
299.0 783.0
299.0 783.0
305.0 784.0
305.0 784.0
299.0 772.0
299.0 772.0
303.0 772.0
303.0 772.0
304.0 781.0
304.0 781.0
312.0 777.0
312.0 777.0
311.0 773.0
311.0 773.0
300.0 756.0
300.0 756.0
302.0 763.0
302.0 763.0
294.0 765.0
294.0 765.0
288.0 754.0
288.0 754.0
297.0 753.0
297.0 753.0
292.0 748.0
292.0 748.0
294.0 742.0
294.0 742.0
267.0 733.0
267.0 733.0
266.0 721.0


847

6
489.0 721.0
494.0 723.0
494.0 723.0
490.0 728.0
490.0 728.0
489.0 721.0


848

4
553.0 721.0
556.0 727.0
556.0 727.0
553.0 721.0


849

2
343.0 723.0
343.0 723.0


850

4
557.0 724.0
559.0 728.0
559.0 728.0
557.0 724.0


851

2
321.0 725.0
321.0 725.0


852

6
355.0 726.0
357.0 742.0
357.0 742.0
347.0 737.0
347.0 737.0
355.0 726.0


853

6
475.0 727.0
479.0 735.0
479.0 735.0
472.0 733.0
472.0 733.0
475.0 727.0


854

4
560.0 727.0
564.0 737.0
564.0 737.0
560.0 727.0


855

2
354.0 729.0
354.0 729.0


856

22
387.0 730.0
417.0 752.0
417.0 752.0
436.0 778.0
436.0 778.0
425.0 776.0
425.0 776.0
422.0 764.0
422.0 764.0
415.0 757.0
415.0 757.0
412.0 761.0
412.0 761.0
406.0 757.0
406.0 757.0
408.0 750.0
408.0 750.0
389.0 743.0
389.0 743.0
396.0 739.0
396.0 739.0
387.0 730.0


857

2
582.0 731.0
582.0 731.0


858

10
370.0 732.0
374.0 735.0
374.0 735.0
365.0 739.0
365.0 739.0
367.0 747.0
367.0 747.0
359.0 745.0
359.0 745.0
370.0 732.0


859

2
273.0 733.0
273.0 733.0


860

18
244.0 734.0
252.0 736.0
252.0 736.0
253.0 742.0
253.0 742.0
256.0 737.0
256.0 737.0
272.0 742.0
272.0 742.0
276.0 749.0
276.0 749.0
271.0 752.0
271.0 752.0
255.0 742.0
255.0 742.0
242.0 742.0
242.0 742.0
244.0 734.0


861

6
305.0 734.0
313.0 743.0
313.0 743.0
305.0 742.0
305.0 742.0
305.0 734.0


862

8
325.0 734.0
333.0 736.0
333.0 736.0
333.0 743.0
333.0 743.0
325.0 739.0
325.0 739.0
325.0 734.0


863

2
305.0 736.0
305.0 736.0


864

2
409.0 736.0
409.0 736.0


865

2
484.0 736.0
484.0 736.0


866

6
411.0 737.0
417.0 738.0
417.0 738.0
418.0 743.0
418.0 743.0
411.0 737.0


867

2
513.0 738.0
513.0 738.0


868

2
537.0 738.0
537.0 738.0


869

2
287.0 739.0
287.0 739.0


870

8
381.0 740.0
387.0 740.0
387.0 740.0
387.0 745.0
387.0 745.0
383.0 746.0
383.0 746.0
381.0 740.0


871

4
505.0 741.0
506.0 746.0
506.0 746.0
505.0 741.0


872

2
568.0 741.0
568.0 741.0


873

2
334.0 742.0
334.0 742.0


874

2
419.0 742.0
419.0 742.0


875

2
537.0 742.0
537.0 742.0


876

2
361.0 743.0
361.0 743.0


877

2
480.0 744.0
480.0 744.0


878

24
311.0 745.0
317.0 749.0
317.0 749.0
314.0 754.0
314.0 754.0
320.0 753.0
320.0 753.0
332.0 767.0
332.0 767.0
333.0 787.0
333.0 787.0
341.0 786.0
341.0 786.0
338.0 797.0
338.0 797.0
345.0 802.0
345.0 802.0
341.0 816.0
341.0 816.0
326.0 771.0
326.0 771.0
319.0 767.0
319.0 767.0
311.0 745.0


879

6
337.0 745.0
343.0 745.0
343.0 745.0
342.0 751.0
342.0 751.0
337.0 745.0


880

6
421.0 745.0
426.0 745.0
426.0 745.0
427.0 751.0
427.0 751.0
421.0 745.0


881

2
478.0 745.0
478.0 745.0


882

4
538.0 745.0
539.0 742.0
539.0 742.0
538.0 745.0


883

4
385.0 746.0
386.0 749.0
386.0 749.0
385.0 746.0


884

2
368.0 747.0
368.0 747.0


885

2
378.0 747.0
378.0 747.0


886

2
478.0 747.0
478.0 747.0


887

6
506.0 747.0
510.0 748.0
510.0 748.0
510.0 756.0
510.0 756.0
506.0 747.0


888

4
578.0 747.0
577.0 752.0
577.0 752.0
578.0 747.0


889

2
266.0 748.0
266.0 748.0


890

4
372.0 748.0
375.0 750.0
375.0 750.0
372.0 748.0


891

2
476.0 748.0
476.0 748.0


892

2
272.0 749.0
272.0 749.0


893

2
372.0 750.0
372.0 750.0


894

2
381.0 750.0
381.0 750.0


895

2
296.0 751.0
296.0 751.0


896

2
380.0 751.0
380.0 751.0


897

2
297.0 752.0
297.0 752.0


898

2
381.0 752.0
381.0 752.0


899

24
437.0 753.0
437.0 757.0
437.0 757.0
440.0 753.0
440.0 753.0
445.0 755.0
445.0 755.0
439.0 757.0
439.0 757.0
441.0 766.0
441.0 766.0
468.0 765.0
468.0 765.0
472.0 771.0
472.0 771.0
457.0 774.0
457.0 774.0
453.0 780.0
453.0 780.0
447.0 778.0
447.0 778.0
431.0 756.0
431.0 756.0
437.0 753.0


900

2
467.0 753.0
467.0 753.0


901

2
589.0 753.0
589.0 753.0


902

2
475.0 754.0
475.0 754.0


903

2
294.0 755.0
294.0 755.0


904

2
583.0 755.0
583.0 755.0


905

2
584.0 756.0
584.0 756.0


906

2
373.0 758.0
373.0 758.0


907

2
388.0 758.0
388.0 758.0


908

2
390.0 758.0
390.0 758.0


909

2
379.0 759.0
379.0 759.0


910

2
381.0 759.0
381.0 759.0


911

2
389.0 759.0
389.0 759.0


912

2
476.0 759.0
476.0 759.0


913

4
346.0 760.0
347.0 763.0
347.0 763.0
346.0 760.0


914

2
380.0 760.0
380.0 760.0


915

2
303.0 761.0
303.0 761.0


916

2
382.0 761.0
382.0 761.0


917

2
299.0 762.0
299.0 762.0


918

2
373.0 762.0
373.0 762.0


919

2
300.0 763.0
300.0 763.0


920

2
380.0 763.0
380.0 763.0


921

2
391.0 763.0
391.0 763.0


922

2
381.0 764.0
381.0 764.0


923

2
520.0 764.0
520.0 764.0


924

2
375.0 765.0
375.0 765.0


925

2
401.0 765.0
401.0 765.0


926

2
404.0 765.0
404.0 765.0


927

2
521.0 765.0
521.0 765.0


928

2
523.0 765.0
523.0 765.0


929

6
357.0 766.0
357.0 774.0
357.0 774.0
353.0 774.0
353.0 774.0
357.0 766.0


930

2
385.0 766.0
385.0 766.0


931

2
525.0 766.0
525.0 766.0


932

2
579.0 766.0
579.0 766.0


933

6
282.0 767.0
286.0 773.0
286.0 773.0
277.0 779.0
277.0 779.0
282.0 767.0


934

2
326.0 767.0
326.0 767.0


935

2
380.0 767.0
380.0 767.0


936

2
386.0 767.0
386.0 767.0


937

2
412.0 767.0
412.0 767.0


938

2
325.0 768.0
325.0 768.0


939

2
327.0 768.0
327.0 768.0


940

2
383.0 768.0
383.0 768.0


941

2
385.0 768.0
385.0 768.0


942

2
390.0 768.0
390.0 768.0


943

2
326.0 769.0
326.0 769.0


944

2
416.0 769.0
416.0 769.0


945

2
530.0 769.0
530.0 769.0


946

6
327.0 770.0
331.0 772.0
331.0 772.0
330.0 768.0
330.0 768.0
327.0 770.0


947

2
382.0 770.0
382.0 770.0


948

2
418.0 770.0
418.0 770.0


949

2
424.0 770.0
424.0 770.0


950

2
383.0 771.0
383.0 771.0


951

2
332.0 772.0
332.0 772.0


952

2
482.0 772.0
482.0 772.0


953

2
495.0 772.0
495.0 772.0


954

2
468.0 773.0
468.0 773.0


955

2
526.0 773.0
526.0 773.0


956

2
416.0 774.0
416.0 774.0


957

2
422.0 774.0
422.0 774.0


958

2
463.0 774.0
463.0 774.0


959

2
522.0 774.0
522.0 774.0


960

4
369.0 775.0
364.0 780.0
364.0 780.0
369.0 775.0


961

2
492.0 775.0
492.0 775.0


962

2
463.0 777.0
463.0 777.0


963

2
492.0 777.0
492.0 777.0


964

2
497.0 777.0
497.0 777.0


965

2
418.0 778.0
418.0 778.0


966

2
491.0 778.0
491.0 778.0


967

2
494.0 778.0
494.0 778.0


968

2
496.0 778.0
496.0 778.0


969

2
438.0 779.0
438.0 779.0


970

2
452.0 779.0
452.0 779.0


971

6
276.0 780.0
278.0 788.0
278.0 788.0
272.0 788.0
272.0 788.0
276.0 780.0


972

2
310.0 780.0
310.0 780.0


973

2
388.0 780.0
388.0 780.0


974

2
421.0 780.0
421.0 780.0


975

2
295.0 781.0
295.0 781.0


976

2
422.0 781.0
422.0 781.0


977

2
453.0 781.0
453.0 781.0


978

2
465.0 781.0
465.0 781.0


979

2
423.0 782.0
423.0 782.0


980

2
499.0 782.0
499.0 782.0


981

2
306.0 783.0
306.0 783.0


982

2
308.0 783.0
308.0 783.0


983

4
310.0 783.0
313.0 785.0
313.0 785.0
310.0 783.0


984

2
465.0 783.0
465.0 783.0


985

2
469.0 783.0
469.0 783.0


986

2
593.0 783.0
593.0 783.0


987

4
596.0 783.0
597.0 787.0
597.0 787.0
596.0 783.0


988

2
594.0 784.0
594.0 784.0


989

2
279.0 785.0
279.0 785.0


990

4
287.0 785.0
288.0 789.0
288.0 789.0
287.0 785.0


991

2
501.0 785.0
501.0 785.0


992

2
308.0 786.0
308.0 786.0


993

2
469.0 786.0
469.0 786.0


994

2
273.0 787.0
273.0 787.0


995

2
368.0 787.0
368.0 787.0


996

2
441.0 787.0
441.0 787.0


997

2
471.0 787.0
471.0 787.0


998

2
473.0 788.0
473.0 788.0


999

2
480.0 788.0
480.0 788.0


1000

2
336.0 789.0
336.0 789.0


1001

2
474.0 789.0
474.0 789.0


1002

2
484.0 789.0
484.0 789.0


1003

2
284.0 790.0
284.0 790.0


1004

4
367.0 790.0
370.0 797.0
370.0 797.0
367.0 790.0


1005

2
473.0 790.0
473.0 790.0


1006

4
478.0 790.0
482.0 789.0
482.0 789.0
478.0 790.0


1007

2
475.0 791.0
475.0 791.0


1008

2
477.0 791.0
477.0 791.0


1009

4
284.0 792.0
288.0 794.0
288.0 794.0
284.0 792.0


1010

2
443.0 792.0
443.0 792.0


1011

2
474.0 792.0
474.0 792.0


1012

2
476.0 792.0
476.0 792.0


1013

4
481.0 792.0
477.0 793.0
477.0 793.0
481.0 792.0


1014

2
196.0 793.0
196.0 793.0


1015

6
262.0 793.0
264.0 800.0
264.0 800.0
260.0 798.0
260.0 798.0
262.0 793.0


1016

2
290.0 793.0
290.0 793.0


1017

4
352.0 793.0
355.0 797.0
355.0 797.0
352.0 793.0


1018

2
482.0 793.0
482.0 793.0


1019

2
487.0 793.0
487.0 793.0


1020

16
294.0 794.0
319.0 803.0
319.0 803.0
317.0 814.0
317.0 814.0
301.0 804.0
301.0 804.0
301.0 799.0
301.0 799.0
289.0 802.0
289.0 802.0
287.0 798.0
287.0 798.0
294.0 799.0
294.0 799.0
294.0 794.0


1021

8
448.0 794.0
438.0 796.0
438.0 796.0
442.0 805.0
442.0 805.0
453.0 801.0
453.0 801.0
448.0 794.0


1022

2
481.0 794.0
481.0 794.0


1023

2
1180.0 794.0
1180.0 794.0


1024

2
480.0 795.0
480.0 795.0


1025

2
356.0 796.0
356.0 796.0


1026

4
377.0 796.0
379.0 799.0
379.0 799.0
377.0 796.0


1027

2
481.0 796.0
481.0 796.0


1028

2
400.0 797.0
400.0 797.0


1029

2
484.0 797.0
484.0 797.0


1030

2
488.0 797.0
488.0 797.0


1031

2
343.0 799.0
343.0 799.0


1032

2
1178.0 799.0
1178.0 799.0


1033

12
505.0 802.0
502.0 799.0
502.0 799.0
499.0 805.0
499.0 805.0
494.0 803.0
494.0 803.0
495.0 811.0
495.0 811.0
502.0 812.0
502.0 812.0
505.0 802.0


1034

2
301.0 803.0
301.0 803.0


1035

2
379.0 803.0
379.0 803.0


1036

2
497.0 803.0
497.0 803.0


1037

2
375.0 804.0
375.0 804.0


1038

2
377.0 804.0
377.0 804.0


1039

2
380.0 804.0
380.0 804.0


1040

2
451.0 804.0
451.0 804.0


1041

2
453.0 804.0
453.0 804.0


1042

2
505.0 804.0
505.0 804.0


1043

2
313.0 805.0
313.0 805.0


1044

2
316.0 805.0
316.0 805.0


1045

2
450.0 805.0
450.0 805.0


1046

2
315.0 806.0
315.0 806.0


1047

2
317.0 806.0
317.0 806.0


1048

2
376.0 806.0
376.0 806.0


1049

2
316.0 807.0
316.0 807.0


1050

2
401.0 807.0
401.0 807.0


1051

2
450.0 807.0
450.0 807.0


1052

2
460.0 807.0
460.0 807.0


1053

2
492.0 807.0
492.0 807.0


1054

2
504.0 807.0
504.0 807.0


1055

2
374.0 808.0
374.0 808.0


1056

6
264.0 809.0
266.0 813.0
266.0 813.0
260.0 814.0
260.0 814.0
264.0 809.0


1057

2
462.0 809.0
462.0 809.0


1058

2
469.0 810.0
469.0 810.0


1059

2
469.0 812.0
469.0 812.0


1060

6
289.0 814.0
293.0 819.0
293.0 819.0
286.0 817.0
286.0 817.0
289.0 814.0


1061

2
467.0 815.0
467.0 815.0


1062

2
469.0 816.0
469.0 816.0


1063

2
555.0 816.0
555.0 816.0


1064

2
279.0 817.0
279.0 817.0


1065

6
342.0 817.0
350.0 819.0
350.0 819.0
350.0 838.0
350.0 838.0
342.0 817.0


1066

2
455.0 817.0
455.0 817.0


1067

6
511.0 817.0
513.0 830.0
513.0 830.0
519.0 815.0
519.0 815.0
511.0 817.0


1068

2
452.0 818.0
452.0 818.0


1069

2
454.0 818.0
454.0 818.0


1070

2
510.0 818.0
510.0 818.0


1071

2
453.0 819.0
453.0 819.0


1072

2
278.0 820.0
278.0 820.0


1073

2
378.0 820.0
378.0 820.0


1074

4
454.0 820.0
459.0 822.0
459.0 822.0
454.0 820.0


1075

2
378.0 822.0
378.0 822.0


1076

2
278.0 823.0
278.0 823.0


1077

2
348.0 823.0
348.0 823.0


1078

2
454.0 823.0
454.0 823.0


1079

2
348.0 825.0
348.0 825.0


1080

2
517.0 825.0
517.0 825.0


1081

2
294.0 827.0
294.0 827.0


1082

6
457.0 827.0
465.0 837.0
465.0 837.0
467.0 831.0
467.0 831.0
457.0 827.0


1083

2
510.0 828.0
510.0 828.0


1084

2
515.0 829.0
515.0 829.0


1085

2
561.0 829.0
561.0 829.0


1086

2
514.0 830.0
514.0 830.0


1087

2
510.0 831.0
510.0 831.0


1088

2
513.0 831.0
513.0 831.0


1089

2
331.0 834.0
331.0 834.0


1090

2
380.0 834.0
380.0 834.0


1091

2
337.0 848.0
337.0 848.0


1092

2
354.0 848.0
354.0 848.0


1093

2
338.0 852.0
338.0 852.0


1094

2
359.0 852.0
359.0 852.0


1095

2
339.0 853.0
339.0 853.0


1096

2
340.0 854.0
340.0 854.0


1097

2
342.0 862.0
342.0 862.0


1098

2
347.0 870.0
347.0 870.0


1099

2
347.0 872.0
347.0 872.0


1100

2
365.0 874.0
365.0 874.0


1101

2
367.0 877.0
367.0 877.0


1102

2
349.0 879.0
349.0 879.0


1103

2
349.0 881.0
349.0 881.0


1104

2
357.0 904.0
357.0 904.0


1105

16
315.0 976.0
361.0 988.0
361.0 988.0
374.0 1000.0
374.0 1000.0
229.0 1000.0
229.0 1000.0
234.0 993.0
234.0 993.0
280.0 993.0
280.0 993.0
285.0 987.0
285.0 987.0
307.0 986.0
307.0 986.0
315.0 976.0


1106

8
193.0 992.0
224.0 996.0
224.0 996.0
226.0 1000.0
226.0 1000.0
140.0 999.0
140.0 999.0
193.0 992.0


1107

2
385.0 995.0
385.0 995.0


1108

2
50.0 997.0
50.0 997.0


1109

2
54.0 997.0
54.0 997.0


1110

2
65.0 997.0
65.0 997.0


1111

2
74.0 997.0
74.0 997.0


1112

2
78.0 997.0
78.0 997.0


1113

4
68.0 998.0
72.0 999.0
72.0 999.0
68.0 998.0


1114

2
376.0 998.0
376.0 998.0


1115

2
383.0 998.0
383.0 998.0


