1

4
181.0 0.0
3.0 720.0
3.0 720.0
181.0 0.0


2

8
7.0 6.0
74.0 7.0
74.0 7.0
74.0 41.0
74.0 41.0
6.0 41.0
6.0 41.0
7.0 6.0


3

220
355.0 10.0
373.0 11.0
373.0 11.0
357.0 29.0
357.0 29.0
357.0 82.0
357.0 82.0
262.0 624.0
262.0 624.0
254.0 715.0
254.0 715.0
306.0 644.0
306.0 644.0
418.0 533.0
418.0 533.0
609.0 464.0
609.0 464.0
593.0 396.0
593.0 396.0
578.0 387.0
578.0 387.0
562.0 349.0
562.0 349.0
564.0 305.0
564.0 305.0
571.0 295.0
571.0 295.0
583.0 296.0
583.0 296.0
590.0 196.0
590.0 196.0
649.0 124.0
649.0 124.0
709.0 108.0
709.0 108.0
757.0 114.0
757.0 114.0
816.0 162.0
816.0 162.0
814.0 153.0
814.0 153.0
834.0 197.0
834.0 197.0
843.0 198.0
843.0 198.0
851.0 244.0
851.0 244.0
834.0 319.0
834.0 319.0
831.0 248.0
831.0 248.0
816.0 214.0
816.0 214.0
814.0 235.0
814.0 235.0
809.0 213.0
809.0 213.0
790.0 208.0
790.0 208.0
729.0 220.0
729.0 220.0
717.0 229.0
717.0 229.0
718.0 240.0
718.0 240.0
700.0 238.0
700.0 238.0
718.0 273.0
718.0 273.0
741.0 267.0
741.0 267.0
749.0 281.0
749.0 281.0
801.0 281.0
801.0 281.0
823.0 293.0
823.0 293.0
794.0 304.0
794.0 304.0
815.0 323.0
815.0 323.0
791.0 311.0
791.0 311.0
814.0 333.0
814.0 333.0
797.0 324.0
797.0 324.0
791.0 334.0
791.0 334.0
804.0 330.0
804.0 330.0
801.0 337.0
801.0 337.0
782.0 346.0
782.0 346.0
760.0 338.0
760.0 338.0
754.0 303.0
754.0 303.0
735.0 296.0
735.0 296.0
727.0 307.0
727.0 307.0
731.0 434.0
731.0 434.0
757.0 444.0
757.0 444.0
735.0 445.0
735.0 445.0
741.0 479.0
741.0 479.0
731.0 484.0
731.0 484.0
731.0 505.0
731.0 505.0
748.0 536.0
748.0 536.0
766.0 536.0
766.0 536.0
718.0 549.0
718.0 549.0
715.0 573.0
715.0 573.0
732.0 586.0
732.0 586.0
733.0 612.0
733.0 612.0
762.0 582.0
762.0 582.0
786.0 511.0
786.0 511.0
796.0 495.0
796.0 495.0
802.0 503.0
802.0 503.0
815.0 454.0
815.0 454.0
812.0 483.0
812.0 483.0
818.0 463.0
818.0 463.0
828.0 482.0
828.0 482.0
824.0 463.0
824.0 463.0
838.0 469.0
838.0 469.0
850.0 461.0
850.0 461.0
847.0 492.0
847.0 492.0
857.0 465.0
857.0 465.0
872.0 474.0
872.0 474.0
895.0 466.0
895.0 466.0
907.0 476.0
907.0 476.0
912.0 469.0
912.0 469.0
917.0 477.0
917.0 477.0
903.0 388.0
903.0 388.0
914.0 357.0
914.0 357.0
927.0 348.0
927.0 348.0
930.0 420.0
930.0 420.0
952.0 477.0
952.0 477.0
962.0 479.0
962.0 479.0
836.0 500.0
836.0 500.0
874.0 505.0
874.0 505.0
876.0 524.0
876.0 524.0
899.0 537.0
899.0 537.0
899.0 550.0
899.0 550.0
881.0 556.0
881.0 556.0
878.0 569.0
878.0 569.0
899.0 599.0
899.0 599.0
902.0 628.0
902.0 628.0
917.0 641.0
917.0 641.0
916.0 660.0
916.0 660.0
1019.0 671.0
1019.0 671.0
1067.0 639.0
1067.0 639.0
1108.0 651.0
1108.0 651.0
1141.0 648.0
1141.0 648.0
1171.0 666.0
1171.0 666.0
1183.0 686.0
1183.0 686.0
1276.0 712.0
1276.0 712.0
1280.0 720.0
1280.0 720.0
234.0 720.0
234.0 720.0
345.0 49.0
345.0 49.0
331.0 13.0
331.0 13.0
355.0 10.0


4

202
1218.0 63.0
1226.0 64.0
1226.0 64.0
1280.0 264.0
1280.0 264.0
1254.0 252.0
1254.0 252.0
1278.0 260.0
1278.0 260.0
1267.0 223.0
1267.0 223.0
1259.0 225.0
1259.0 225.0
1251.0 170.0
1251.0 170.0
1235.0 163.0
1235.0 163.0
1228.0 148.0
1228.0 148.0
1224.0 156.0
1224.0 156.0
1220.0 122.0
1220.0 122.0
1228.0 97.0
1228.0 97.0
1222.0 112.0
1222.0 112.0
1182.0 125.0
1182.0 125.0
1185.0 149.0
1185.0 149.0
1167.0 74.0
1167.0 74.0
1158.0 74.0
1158.0 74.0
1161.0 94.0
1161.0 94.0
1153.0 81.0
1153.0 81.0
1144.0 83.0
1144.0 83.0
1163.0 144.0
1163.0 144.0
1128.0 76.0
1128.0 76.0
1130.0 89.0
1130.0 89.0
1122.0 93.0
1122.0 93.0
1129.0 106.0
1129.0 106.0
1112.0 80.0
1112.0 80.0
1119.0 98.0
1119.0 98.0
1113.0 97.0
1113.0 97.0
1114.0 116.0
1114.0 116.0
1102.0 120.0
1102.0 120.0
1116.0 136.0
1116.0 136.0
1093.0 137.0
1093.0 137.0
1098.0 126.0
1098.0 126.0
1089.0 126.0
1089.0 126.0
1076.0 132.0
1076.0 132.0
1091.0 142.0
1091.0 142.0
1081.0 145.0
1081.0 145.0
1085.0 150.0
1085.0 150.0
1068.0 144.0
1068.0 144.0
1055.0 158.0
1055.0 158.0
1053.0 141.0
1053.0 141.0
1044.0 138.0
1044.0 138.0
1056.0 145.0
1056.0 145.0
1064.0 134.0
1064.0 134.0
1028.0 110.0
1028.0 110.0
1014.0 110.0
1014.0 110.0
1018.0 105.0
1018.0 105.0
1004.0 107.0
1004.0 107.0
990.0 87.0
990.0 87.0
972.0 93.0
972.0 93.0
1000.0 113.0
1000.0 113.0
983.0 109.0
983.0 109.0
1003.0 123.0
1003.0 123.0
986.0 114.0
986.0 114.0
984.0 125.0
984.0 125.0
973.0 121.0
973.0 121.0
977.0 133.0
977.0 133.0
995.0 131.0
995.0 131.0
986.0 136.0
986.0 136.0
1010.0 147.0
1010.0 147.0
992.0 145.0
992.0 145.0
1032.0 148.0
1032.0 148.0
1036.0 139.0
1036.0 139.0
1040.0 160.0
1040.0 160.0
1065.0 171.0
1065.0 171.0
1078.0 167.0
1078.0 167.0
1099.0 181.0
1099.0 181.0
1128.0 175.0
1128.0 175.0
1108.0 182.0
1108.0 182.0
1113.0 193.0
1113.0 193.0
1126.0 188.0
1126.0 188.0
1119.0 199.0
1119.0 199.0
1098.0 192.0
1098.0 192.0
1111.0 205.0
1111.0 205.0
1025.0 185.0
1025.0 185.0
1016.0 191.0
1016.0 191.0
1038.0 197.0
1038.0 197.0
976.0 187.0
976.0 187.0
1020.0 185.0
1020.0 185.0
973.0 172.0
973.0 172.0
970.0 147.0
970.0 147.0
977.0 146.0
977.0 146.0
969.0 143.0
969.0 143.0
962.0 86.0
962.0 86.0
1061.0 76.0
1061.0 76.0
1082.0 83.0
1082.0 83.0
1088.0 79.0
1088.0 79.0
1074.0 75.0
1074.0 75.0
1196.0 66.0
1196.0 66.0
1193.0 76.0
1193.0 76.0
1175.0 79.0
1175.0 79.0
1182.0 108.0
1182.0 108.0
1194.0 116.0
1194.0 116.0
1200.0 113.0
1200.0 113.0
1188.0 109.0
1188.0 109.0
1192.0 104.0
1192.0 104.0
1211.0 112.0
1211.0 112.0
1221.0 103.0
1221.0 103.0
1224.0 74.0
1224.0 74.0
1208.0 72.0
1208.0 72.0
1218.0 63.0


5

2
1156.0 73.0
1156.0 73.0


6

4
1114.0 77.0
1123.0 82.0
1123.0 82.0
1114.0 77.0


7

2
1184.0 78.0
1184.0 78.0


8

2
1107.0 79.0
1107.0 79.0


9

2
1216.0 80.0
1216.0 80.0


10

2
1068.0 81.0
1068.0 81.0


11

8
946.0 82.0
998.0 421.0
998.0 421.0
1121.0 421.0
1121.0 421.0
986.0 420.0
986.0 420.0
946.0 82.0


12

2
1131.0 82.0
1131.0 82.0


13

2
1161.0 82.0
1161.0 82.0


14

16
1029.0 84.0
1035.0 93.0
1035.0 93.0
1025.0 91.0
1025.0 91.0
1028.0 102.0
1028.0 102.0
1054.0 124.0
1054.0 124.0
1075.0 118.0
1075.0 118.0
1067.0 98.0
1067.0 98.0
1043.0 81.0
1043.0 81.0
1029.0 84.0


15

6
1019.0 85.0
1004.0 84.0
1004.0 84.0
1025.0 99.0
1025.0 99.0
1019.0 85.0


16

2
1185.0 85.0
1185.0 85.0


17

2
1224.0 87.0
1224.0 87.0


18

2
1150.0 89.0
1150.0 89.0


19

2
971.0 90.0
971.0 90.0


20

2
1095.0 92.0
1095.0 92.0


21

2
1108.0 92.0
1108.0 92.0


22

4
1158.0 95.0
1163.0 101.0
1163.0 101.0
1158.0 95.0


23

4
1094.0 96.0
1087.0 97.0
1087.0 97.0
1094.0 96.0


24

2
1166.0 98.0
1166.0 98.0


25

8
1047.0 99.0
1061.0 109.0
1061.0 109.0
1050.0 111.0
1050.0 111.0
1056.0 106.0
1056.0 106.0
1047.0 99.0


26

2
1134.0 100.0
1134.0 100.0


27

2
972.0 103.0
972.0 103.0


28

2
1090.0 103.0
1090.0 103.0


29

2
1072.0 107.0
1072.0 107.0


30

2
1083.0 108.0
1083.0 108.0


31

2
1090.0 108.0
1090.0 108.0


32

2
971.0 109.0
971.0 109.0


33

2
1103.0 109.0
1103.0 109.0


34

2
1111.0 111.0
1111.0 111.0


35

4
1098.0 112.0
1104.0 113.0
1104.0 113.0
1098.0 112.0


36

2
1104.0 114.0
1104.0 114.0


37

2
980.0 115.0
980.0 115.0


38

2
974.0 116.0
974.0 116.0


39

4
1004.0 116.0
1028.0 131.0
1028.0 131.0
1004.0 116.0


40

2
977.0 117.0
977.0 117.0


41

2
1094.0 123.0
1094.0 123.0


42

2
1006.0 124.0
1006.0 124.0


43

2
994.0 125.0
994.0 125.0


44

2
1008.0 125.0
1008.0 125.0


45

4
1085.0 125.0
1064.0 128.0
1064.0 128.0
1085.0 125.0


46

4
1141.0 125.0
1145.0 131.0
1145.0 131.0
1141.0 125.0


47

2
984.0 126.0
984.0 126.0


48

6
1229.0 126.0
1240.0 128.0
1240.0 128.0
1235.0 110.0
1235.0 110.0
1229.0 126.0


49

2
988.0 127.0
988.0 127.0


50

6
1214.0 128.0
1219.0 137.0
1219.0 137.0
1208.0 133.0
1208.0 133.0
1214.0 128.0


51

4
1054.0 134.0
1061.0 137.0
1061.0 137.0
1054.0 134.0


52

2
1066.0 134.0
1066.0 134.0


53

2
1229.0 134.0
1229.0 134.0


54

2
1190.0 139.0
1190.0 139.0


55

4
984.0 140.0
992.0 142.0
992.0 142.0
984.0 140.0


56

2
1074.0 140.0
1074.0 140.0


57

2
1236.0 140.0
1236.0 140.0


58

2
1117.0 141.0
1117.0 141.0


59

2
1070.0 143.0
1070.0 143.0


60

4
1191.0 145.0
1192.0 152.0
1192.0 152.0
1191.0 145.0


61

2
1229.0 145.0
1229.0 145.0


62

2
1063.0 146.0
1063.0 146.0


63

4
1123.0 146.0
1142.0 171.0
1142.0 171.0
1123.0 146.0


64

4
799.0 148.0
805.0 151.0
805.0 151.0
799.0 148.0


65

2
1197.0 149.0
1197.0 149.0


66

2
1071.0 150.0
1071.0 150.0


67

2
1179.0 150.0
1179.0 150.0


68

2
980.0 151.0
980.0 151.0


69

6
987.0 151.0
1018.0 165.0
1018.0 165.0
1016.0 157.0
1016.0 157.0
987.0 151.0


70

6
1042.0 154.0
1065.0 158.0
1065.0 158.0
1057.0 165.0
1057.0 165.0
1042.0 154.0


71

2
1242.0 154.0
1242.0 154.0


72

6
1202.0 155.0
1223.0 166.0
1223.0 166.0
1202.0 168.0
1202.0 168.0
1202.0 155.0


73

2
808.0 157.0
808.0 157.0


74

2
1067.0 157.0
1067.0 157.0


75

2
1224.0 160.0
1224.0 160.0


76

8
984.0 162.0
977.0 164.0
977.0 164.0
1018.0 176.0
1018.0 176.0
1016.0 168.0
1016.0 168.0
984.0 162.0


77

2
1073.0 163.0
1073.0 163.0


78

4
1203.0 163.0
1216.0 165.0
1216.0 165.0
1203.0 163.0


79

2
1033.0 165.0
1033.0 165.0


80

2
1238.0 166.0
1238.0 166.0


81

2
1005.0 168.0
1005.0 168.0


82

2
1060.0 168.0
1060.0 168.0


83

2
1196.0 169.0
1196.0 169.0


84

12
1037.0 170.0
1058.0 177.0
1058.0 177.0
1046.0 185.0
1046.0 185.0
1071.0 190.0
1071.0 190.0
1066.0 172.0
1066.0 172.0
1042.0 164.0
1042.0 164.0
1037.0 170.0


85

4
1205.0 171.0
1215.0 178.0
1215.0 178.0
1205.0 171.0


86

2
1230.0 171.0
1230.0 171.0


87

2
1061.0 174.0
1061.0 174.0


88

2
1030.0 175.0
1030.0 175.0


89

2
1230.0 177.0
1230.0 177.0


90

4
1045.0 178.0
1037.0 176.0
1037.0 176.0
1045.0 178.0


91

2
1226.0 178.0
1226.0 178.0


92

2
1201.0 179.0
1201.0 179.0


93

4
1032.0 180.0
1039.0 181.0
1039.0 181.0
1032.0 180.0


94

2
1249.0 182.0
1249.0 182.0


95

4
1216.0 186.0
1223.0 189.0
1223.0 189.0
1216.0 186.0


96

2
1096.0 188.0
1096.0 188.0


97

4
1082.0 190.0
1073.0 191.0
1073.0 191.0
1082.0 190.0


98

6
1244.0 194.0
1249.0 201.0
1249.0 201.0
1239.0 198.0
1239.0 198.0
1244.0 194.0


99

2
1063.0 197.0
1063.0 197.0


100

2
1090.0 197.0
1090.0 197.0


101

2
1046.0 198.0
1046.0 198.0


102

2
1234.0 198.0
1234.0 198.0


103

4
1182.0 199.0
1187.0 203.0
1187.0 203.0
1182.0 199.0


104

2
1080.0 201.0
1080.0 201.0


105

4
979.0 202.0
1010.0 208.0
1010.0 208.0
979.0 202.0


106

2
1085.0 202.0
1085.0 202.0


107

2
1251.0 204.0
1251.0 204.0


108

2
1243.0 207.0
1243.0 207.0


109

4
1014.0 208.0
1031.0 211.0
1031.0 211.0
1014.0 208.0


110

2
1237.0 211.0
1237.0 211.0


111

2
1253.0 211.0
1253.0 211.0


112

2
1013.0 222.0
1013.0 222.0


113

34
1008.0 224.0
1076.0 225.0
1076.0 225.0
1065.0 230.0
1065.0 230.0
1091.0 238.0
1091.0 238.0
1064.0 235.0
1064.0 235.0
1070.0 248.0
1070.0 248.0
1042.0 233.0
1042.0 233.0
1049.0 241.0
1049.0 241.0
1037.0 252.0
1037.0 252.0
1008.0 233.0
1008.0 233.0
996.0 242.0
996.0 242.0
1000.0 250.0
1000.0 250.0
989.0 251.0
989.0 251.0
989.0 262.0
989.0 262.0
986.0 245.0
986.0 245.0
995.0 235.0
995.0 235.0
983.0 231.0
983.0 231.0
1008.0 224.0


114

4
732.0 229.0
727.0 238.0
727.0 238.0
732.0 229.0


115

2
1046.0 231.0
1046.0 231.0


116

4
1052.0 233.0
1059.0 234.0
1059.0 234.0
1052.0 233.0


117

2
1023.0 235.0
1023.0 235.0


118

2
1099.0 236.0
1099.0 236.0


119

2
1236.0 238.0
1236.0 238.0


120

6
1247.0 238.0
1264.0 246.0
1264.0 246.0
1253.0 248.0
1253.0 248.0
1247.0 238.0


121

2
720.0 239.0
720.0 239.0


122

2
712.0 240.0
712.0 240.0


123

4
1018.0 248.0
1026.0 255.0
1026.0 255.0
1018.0 248.0


124

2
1263.0 249.0
1263.0 249.0


125

2
1043.0 252.0
1043.0 252.0


126

10
1233.0 252.0
1272.0 277.0
1272.0 277.0
1258.0 276.0
1258.0 276.0
1242.0 259.0
1242.0 259.0
1234.0 263.0
1234.0 263.0
1233.0 252.0


127

2
1044.0 254.0
1044.0 254.0


128

2
1032.0 255.0
1032.0 255.0


129

4
1033.0 260.0
1038.0 265.0
1038.0 265.0
1033.0 260.0


130

24
1045.0 263.0
1049.0 276.0
1049.0 276.0
1039.0 273.0
1039.0 273.0
1040.0 281.0
1040.0 281.0
1028.0 278.0
1028.0 278.0
1021.0 287.0
1021.0 287.0
1041.0 288.0
1041.0 288.0
1051.0 278.0
1051.0 278.0
1060.0 292.0
1060.0 292.0
1009.0 288.0
1009.0 288.0
994.0 299.0
994.0 299.0
994.0 267.0
994.0 267.0
1045.0 263.0


131

2
996.0 264.0
996.0 264.0


132

2
1226.0 266.0
1226.0 266.0


133

4
1017.0 272.0
1029.0 271.0
1029.0 271.0
1017.0 272.0


134

20
1097.0 272.0
1092.0 280.0
1092.0 280.0
1109.0 274.0
1109.0 274.0
1095.0 284.0
1095.0 284.0
1106.0 289.0
1106.0 289.0
1090.0 296.0
1090.0 296.0
1102.0 304.0
1102.0 304.0
1079.0 311.0
1079.0 311.0
1080.0 292.0
1080.0 292.0
998.0 329.0
998.0 329.0
1097.0 272.0


135

4
1005.0 274.0
1014.0 273.0
1014.0 273.0
1005.0 274.0


136

4
1273.0 280.0
1280.0 288.0
1280.0 288.0
1273.0 280.0


137

2
1011.0 284.0
1011.0 284.0


138

2
808.0 285.0
808.0 285.0


139

2
1066.0 288.0
1066.0 288.0


140

2
1273.0 289.0
1273.0 289.0


141

2
1000.0 291.0
1000.0 291.0


142

2
1021.0 292.0
1021.0 292.0


143

2
1275.0 292.0
1275.0 292.0


144

2
1016.0 294.0
1016.0 294.0


145

4
1260.0 294.0
1253.0 306.0
1253.0 306.0
1260.0 294.0


146

4
1039.0 297.0
1045.0 298.0
1045.0 298.0
1039.0 297.0


147

50
1278.0 300.0
1280.0 399.0
1280.0 399.0
1193.0 395.0
1193.0 395.0
1198.0 401.0
1198.0 401.0
1167.0 403.0
1167.0 403.0
1162.0 352.0
1162.0 352.0
1147.0 401.0
1147.0 401.0
1137.0 403.0
1137.0 403.0
1167.0 324.0
1167.0 324.0
1178.0 331.0
1178.0 331.0
1168.0 335.0
1168.0 335.0
1172.0 397.0
1172.0 397.0
1186.0 314.0
1186.0 314.0
1194.0 334.0
1194.0 334.0
1183.0 335.0
1183.0 335.0
1193.0 343.0
1193.0 343.0
1190.0 357.0
1190.0 357.0
1211.0 358.0
1211.0 358.0
1211.0 336.0
1211.0 336.0
1193.0 317.0
1193.0 317.0
1233.0 323.0
1233.0 323.0
1233.0 312.0
1233.0 312.0
1256.0 313.0
1256.0 313.0
1261.0 327.0
1261.0 327.0
1261.0 311.0
1261.0 311.0
1278.0 300.0


148

2
826.0 301.0
826.0 301.0


149

2
1065.0 302.0
1065.0 302.0


150

2
1095.0 304.0
1095.0 304.0


151

2
1061.0 315.0
1061.0 315.0


152

4
1233.0 316.0
1239.0 318.0
1239.0 318.0
1233.0 316.0


153

2
1055.0 318.0
1055.0 318.0


154

2
1053.0 319.0
1053.0 319.0


155

2
838.0 320.0
838.0 320.0


156

4
1051.0 320.0
1044.0 325.0
1044.0 325.0
1051.0 320.0


157

2
1193.0 322.0
1193.0 322.0


158

2
793.0 323.0
793.0 323.0


159

2
1208.0 324.0
1208.0 324.0


160

2
1237.0 324.0
1237.0 324.0


161

4
1042.0 325.0
1012.0 345.0
1012.0 345.0
1042.0 325.0


162

14
1215.0 325.0
1223.0 346.0
1223.0 346.0
1244.0 334.0
1244.0 334.0
1262.0 360.0
1262.0 360.0
1256.0 332.0
1256.0 332.0
1226.0 326.0
1226.0 326.0
1227.0 337.0
1227.0 337.0
1215.0 325.0


163

2
1239.0 325.0
1239.0 325.0


164

66
1071.0 328.0
1087.0 346.0
1087.0 346.0
1072.0 348.0
1072.0 348.0
1096.0 353.0
1096.0 353.0
1089.0 374.0
1089.0 374.0
1102.0 373.0
1102.0 373.0
1099.0 384.0
1099.0 384.0
1115.0 375.0
1115.0 375.0
1103.0 365.0
1103.0 365.0
1117.0 368.0
1117.0 368.0
1114.0 383.0
1114.0 383.0
1108.0 381.0
1108.0 381.0
1112.0 392.0
1112.0 392.0
1121.0 388.0
1121.0 388.0
1119.0 372.0
1119.0 372.0
1127.0 372.0
1127.0 372.0
1132.0 403.0
1132.0 403.0
1108.0 394.0
1108.0 394.0
1119.0 404.0
1119.0 404.0
1096.0 395.0
1096.0 395.0
1071.0 406.0
1071.0 406.0
1074.0 393.0
1074.0 393.0
1065.0 392.0
1065.0 392.0
1067.0 406.0
1067.0 406.0
1050.0 405.0
1050.0 405.0
1053.0 398.0
1053.0 398.0
1037.0 396.0
1037.0 396.0
1039.0 390.0
1039.0 390.0
1010.0 403.0
1010.0 403.0
1005.0 359.0
1005.0 359.0
1026.0 349.0
1026.0 349.0
1047.0 363.0
1047.0 363.0
1048.0 341.0
1048.0 341.0
1071.0 328.0


165

2
1260.0 329.0
1260.0 329.0


166

6
845.0 330.0
850.0 345.0
850.0 345.0
843.0 354.0
843.0 354.0
845.0 330.0


167

2
1060.0 331.0
1060.0 331.0


168

2
1119.0 332.0
1119.0 332.0


169

2
1212.0 334.0
1212.0 334.0


170

2
1199.0 340.0
1199.0 340.0


171

8
113.0 341.0
127.0 365.0
127.0 365.0
114.0 403.0
114.0 403.0
95.0 419.0
95.0 419.0
113.0 341.0


172

2
1075.0 341.0
1075.0 341.0


173

4
1095.0 343.0
1092.0 349.0
1092.0 349.0
1095.0 343.0


174

4
1009.0 345.0
1002.0 351.0
1002.0 351.0
1009.0 345.0


175

2
1164.0 348.0
1164.0 348.0


176

2
1217.0 349.0
1217.0 349.0


177

2
1172.0 352.0
1172.0 352.0


178

2
1046.0 354.0
1046.0 354.0


179

2
1066.0 355.0
1066.0 355.0


180

2
1214.0 356.0
1214.0 356.0


181

2
1058.0 357.0
1058.0 357.0


182

6
1074.0 359.0
1075.0 353.0
1075.0 353.0
1066.0 362.0
1066.0 362.0
1074.0 359.0


183

2
1215.0 359.0
1215.0 359.0


184

8
1205.0 364.0
1191.0 359.0
1191.0 359.0
1198.0 389.0
1198.0 389.0
1212.0 381.0
1212.0 381.0
1205.0 364.0


185

6
1218.0 365.0
1229.0 371.0
1229.0 371.0
1226.0 362.0
1226.0 362.0
1218.0 365.0


186

2
1265.0 365.0
1265.0 365.0


187

2
1071.0 366.0
1071.0 366.0


188

4
1010.0 369.0
1023.0 368.0
1023.0 368.0
1010.0 369.0


189

2
1060.0 370.0
1060.0 370.0


190

10
1247.0 370.0
1261.0 375.0
1261.0 375.0
1250.0 380.0
1250.0 380.0
1277.0 391.0
1277.0 391.0
1256.0 358.0
1256.0 358.0
1247.0 370.0


191

2
1050.0 371.0
1050.0 371.0


192

2
1061.0 371.0
1061.0 371.0


193

2
1236.0 371.0
1236.0 371.0


194

2
1055.0 375.0
1055.0 375.0


195

2
1099.0 375.0
1099.0 375.0


196

2
1048.0 377.0
1048.0 377.0


197

2
1046.0 378.0
1046.0 378.0


198

2
1074.0 378.0
1074.0 378.0


199

2
1045.0 379.0
1045.0 379.0


200

6
120.0 380.0
116.0 358.0
116.0 358.0
105.0 399.0
105.0 399.0
120.0 380.0


201

2
1218.0 380.0
1218.0 380.0


202

2
1045.0 384.0
1045.0 384.0


203

2
1084.0 386.0
1084.0 386.0


204

2
1025.0 388.0
1025.0 388.0


205

2
1123.0 389.0
1123.0 389.0


206

2
1069.0 391.0
1069.0 391.0


207

2
1100.0 392.0
1100.0 392.0


208

6
745.0 393.0
747.0 400.0
747.0 400.0
739.0 397.0
739.0 397.0
745.0 393.0


209

2
1255.0 395.0
1255.0 395.0


210

2
1130.0 396.0
1130.0 396.0


211

2
1248.0 396.0
1248.0 396.0


212

2
1264.0 396.0
1264.0 396.0


213

2
1162.0 399.0
1162.0 399.0


214

6
1071.0 411.0
1087.0 412.0
1087.0 412.0
1062.0 413.0
1062.0 413.0
1071.0 411.0


215

4
1022.0 415.0
1010.0 418.0
1010.0 418.0
1022.0 415.0


216

2
1247.0 415.0
1247.0 415.0


217

6
1157.0 416.0
1191.0 418.0
1191.0 418.0
1126.0 420.0
1126.0 420.0
1157.0 416.0


218

2
1211.0 416.0
1211.0 416.0


219

4
1221.0 416.0
1229.0 417.0
1229.0 417.0
1221.0 416.0


220

10
770.0 437.0
789.0 443.0
789.0 443.0
788.0 471.0
788.0 471.0
773.0 450.0
773.0 450.0
759.0 446.0
759.0 446.0
770.0 437.0


221

2
910.0 466.0
910.0 466.0


222

2
801.0 487.0
801.0 487.0


223

2
871.0 497.0
871.0 497.0


224

2
864.0 498.0
864.0 498.0


225

4
1002.0 498.0
1015.0 510.0
1015.0 510.0
1002.0 498.0


226

2
835.0 502.0
835.0 502.0


227

2
834.0 503.0
834.0 503.0


228

4
1090.0 536.0
1101.0 546.0
1101.0 546.0
1090.0 536.0


229

4
489.0 658.0
492.0 650.0
492.0 650.0
489.0 658.0


230

2
1174.0 670.0
1174.0 670.0


231

2
1184.0 673.0
1184.0 673.0


232

4
487.0 678.0
488.0 672.0
488.0 672.0
487.0 678.0


233

2
490.0 683.0
490.0 683.0


234

2
1192.0 687.0
1192.0 687.0


