1

412
10.0 10.0
111.0 10.0
111.0 10.0
111.0 23.0
111.0 23.0
140.0 51.0
140.0 51.0
145.0 71.0
145.0 71.0
133.0 94.0
133.0 94.0
134.0 110.0
134.0 110.0
100.0 158.0
100.0 158.0
107.0 174.0
107.0 174.0
131.0 185.0
131.0 185.0
122.0 204.0
122.0 204.0
142.0 219.0
142.0 219.0
147.0 233.0
147.0 233.0
172.0 230.0
172.0 230.0
178.0 211.0
178.0 211.0
182.0 229.0
182.0 229.0
185.0 203.0
185.0 203.0
199.0 220.0
199.0 220.0
199.0 202.0
199.0 202.0
211.0 197.0
211.0 197.0
202.0 192.0
202.0 192.0
206.0 186.0
206.0 186.0
192.0 189.0
192.0 189.0
196.0 173.0
196.0 173.0
206.0 174.0
206.0 174.0
196.0 180.0
196.0 180.0
206.0 183.0
206.0 183.0
211.0 160.0
211.0 160.0
205.0 156.0
205.0 156.0
206.0 165.0
206.0 165.0
194.0 167.0
194.0 167.0
190.0 162.0
190.0 162.0
198.0 153.0
198.0 153.0
190.0 152.0
190.0 152.0
205.0 149.0
205.0 149.0
184.0 154.0
184.0 154.0
179.0 147.0
179.0 147.0
182.0 157.0
182.0 157.0
175.0 157.0
175.0 157.0
180.0 128.0
180.0 128.0
202.0 116.0
202.0 116.0
247.0 128.0
247.0 128.0
253.0 152.0
253.0 152.0
231.0 212.0
231.0 212.0
244.0 229.0
244.0 229.0
279.0 239.0
279.0 239.0
298.0 254.0
298.0 254.0
312.0 291.0
312.0 291.0
300.0 322.0
300.0 322.0
299.0 351.0
299.0 351.0
337.0 381.0
337.0 381.0
344.0 381.0
344.0 381.0
356.0 357.0
356.0 357.0
343.0 332.0
343.0 332.0
380.0 337.0
380.0 337.0
392.0 328.0
392.0 328.0
395.0 306.0
395.0 306.0
385.0 296.0
385.0 296.0
346.0 293.0
346.0 293.0
347.0 288.0
347.0 288.0
391.0 291.0
391.0 291.0
378.0 276.0
378.0 276.0
390.0 265.0
390.0 265.0
391.0 229.0
391.0 229.0
414.0 223.0
414.0 223.0
428.0 230.0
428.0 230.0
427.0 204.0
427.0 204.0
387.0 180.0
387.0 180.0
346.0 180.0
346.0 180.0
316.0 238.0
316.0 238.0
311.0 223.0
311.0 223.0
320.0 185.0
320.0 185.0
360.0 145.0
360.0 145.0
388.0 147.0
388.0 147.0
409.0 132.0
409.0 132.0
429.0 141.0
429.0 141.0
435.0 165.0
435.0 165.0
424.0 163.0
424.0 163.0
431.0 163.0
431.0 163.0
435.0 179.0
435.0 179.0
438.0 172.0
438.0 172.0
436.0 234.0
436.0 234.0
450.0 238.0
450.0 238.0
458.0 257.0
458.0 257.0
458.0 294.0
458.0 294.0
437.0 284.0
437.0 284.0
448.0 265.0
448.0 265.0
424.0 284.0
424.0 284.0
428.0 244.0
428.0 244.0
423.0 256.0
423.0 256.0
395.0 251.0
395.0 251.0
392.0 284.0
392.0 284.0
402.0 296.0
402.0 296.0
400.0 318.0
400.0 318.0
425.0 270.0
425.0 270.0
415.0 310.0
415.0 310.0
446.0 316.0
446.0 316.0
452.0 309.0
452.0 309.0
454.0 336.0
454.0 336.0
449.0 360.0
449.0 360.0
441.0 356.0
441.0 356.0
425.0 377.0
425.0 377.0
389.0 480.0
389.0 480.0
359.0 480.0
359.0 480.0
356.0 394.0
356.0 394.0
349.0 383.0
349.0 383.0
334.0 384.0
334.0 384.0
334.0 393.0
334.0 393.0
348.0 426.0
348.0 426.0
354.0 478.0
354.0 478.0
331.0 480.0
331.0 480.0
327.0 474.0
327.0 474.0
328.0 448.0
328.0 448.0
314.0 408.0
314.0 408.0
327.0 480.0
327.0 480.0
303.0 479.0
303.0 479.0
284.0 438.0
284.0 438.0
262.0 414.0
262.0 414.0
259.0 431.0
259.0 431.0
298.0 477.0
298.0 477.0
280.0 480.0
280.0 480.0
254.0 458.0
254.0 458.0
251.0 434.0
251.0 434.0
215.0 402.0
215.0 402.0
213.0 387.0
213.0 387.0
223.0 393.0
223.0 393.0
223.0 385.0
223.0 385.0
212.0 384.0
212.0 384.0
219.0 383.0
219.0 383.0
216.0 377.0
216.0 377.0
183.0 384.0
183.0 384.0
195.0 372.0
195.0 372.0
218.0 376.0
218.0 376.0
210.0 360.0
210.0 360.0
162.0 379.0
162.0 379.0
163.0 371.0
163.0 371.0
127.0 428.0
127.0 428.0
131.0 423.0
131.0 423.0
136.0 432.0
136.0 432.0
149.0 398.0
149.0 398.0
150.0 415.0
150.0 415.0
166.0 407.0
166.0 407.0
189.0 411.0
189.0 411.0
199.0 402.0
199.0 402.0
205.0 415.0
205.0 415.0
215.0 415.0
215.0 415.0
218.0 440.0
218.0 440.0
220.0 410.0
220.0 410.0
224.0 461.0
224.0 461.0
235.0 476.0
235.0 476.0
226.0 456.0
226.0 456.0
236.0 457.0
236.0 457.0
254.0 480.0
254.0 480.0
158.0 480.0
158.0 480.0
160.0 470.0
160.0 470.0
149.0 465.0
149.0 465.0
144.0 473.0
144.0 473.0
136.0 453.0
136.0 453.0
144.0 480.0
144.0 480.0
123.0 480.0
123.0 480.0
119.0 475.0
119.0 475.0
131.0 455.0
131.0 455.0
127.0 428.0
127.0 428.0
96.0 480.0
96.0 480.0
0.0 480.0
0.0 480.0
0.0 337.0
0.0 337.0
43.0 328.0
43.0 328.0
27.0 315.0
27.0 315.0
58.0 315.0
58.0 315.0
37.0 301.0
37.0 301.0
58.0 302.0
58.0 302.0
66.0 292.0
66.0 292.0
42.0 287.0
42.0 287.0
80.0 289.0
80.0 289.0
63.0 273.0
63.0 273.0
23.0 277.0
23.0 277.0
0.0 289.0
0.0 289.0
0.0 136.0
0.0 136.0
15.0 115.0
15.0 115.0
56.0 156.0
56.0 156.0
64.0 144.0
64.0 144.0
87.0 146.0
87.0 146.0
79.0 140.0
79.0 140.0
87.0 130.0
87.0 130.0
68.0 127.0
68.0 127.0
69.0 111.0
69.0 111.0
88.0 102.0
88.0 102.0
76.0 93.0
76.0 93.0
93.0 97.0
93.0 97.0
90.0 109.0
90.0 109.0
105.0 110.0
105.0 110.0
108.0 90.0
108.0 90.0
100.0 84.0
100.0 84.0
79.0 91.0
79.0 91.0
68.0 78.0
68.0 78.0
78.0 69.0
78.0 69.0
69.0 67.0
69.0 67.0
116.0 73.0
116.0 73.0
126.0 59.0
126.0 59.0
111.0 48.0
111.0 48.0
111.0 61.0
111.0 61.0
57.0 61.0
57.0 61.0
46.0 66.0
46.0 66.0
48.0 74.0
48.0 74.0
39.0 61.0
39.0 61.0
10.0 61.0
10.0 61.0
10.0 10.0


2

2
120.0 65.0
120.0 65.0


3

4
29.0 67.0
34.0 68.0
34.0 68.0
29.0 67.0


4

2
119.0 73.0
119.0 73.0


5

6
34.0 77.0
41.0 80.0
41.0 80.0
33.0 85.0
33.0 85.0
34.0 77.0


6

2
79.0 77.0
79.0 77.0


7

2
104.0 84.0
104.0 84.0


8

2
39.0 87.0
39.0 87.0


9

4
102.0 88.0
94.0 97.0
94.0 97.0
102.0 88.0


10

2
114.0 88.0
114.0 88.0


11

2
112.0 89.0
112.0 89.0


12

2
97.0 90.0
97.0 90.0


13

2
42.0 92.0
42.0 92.0


14

2
42.0 96.0
42.0 96.0


15

2
137.0 97.0
137.0 97.0


16

2
88.0 101.0
88.0 101.0


17

4
79.0 114.0
92.0 112.0
92.0 112.0
79.0 114.0


18

4
80.0 121.0
90.0 122.0
90.0 122.0
80.0 121.0


19

2
246.0 122.0
246.0 122.0


20

2
243.0 123.0
243.0 123.0


21

2
257.0 124.0
257.0 124.0


22

2
244.0 125.0
244.0 125.0


23

2
268.0 125.0
268.0 125.0


24

2
87.0 127.0
87.0 127.0


25

2
273.0 127.0
273.0 127.0


26

2
279.0 127.0
279.0 127.0


27

2
88.0 128.0
88.0 128.0


28

2
284.0 128.0
284.0 128.0


29

4
288.0 128.0
294.0 130.0
294.0 130.0
288.0 128.0


30

2
91.0 129.0
91.0 129.0


31

2
296.0 130.0
296.0 130.0


32

2
301.0 130.0
301.0 130.0


33

2
255.0 133.0
255.0 133.0


34

2
185.0 135.0
185.0 135.0


35

2
266.0 135.0
266.0 135.0


36

2
178.0 136.0
178.0 136.0


37

2
270.0 136.0
270.0 136.0


38

2
275.0 136.0
275.0 136.0


39

2
173.0 137.0
173.0 137.0


40

2
287.0 137.0
287.0 137.0


41

2
171.0 139.0
171.0 139.0


42

2
184.0 139.0
184.0 139.0


43

4
296.0 139.0
301.0 141.0
301.0 141.0
296.0 139.0


44

2
185.0 141.0
185.0 141.0


45

2
294.0 141.0
294.0 141.0


46

2
171.0 142.0
171.0 142.0


47

2
178.0 143.0
178.0 143.0


48

2
263.0 143.0
263.0 143.0


49

2
184.0 145.0
184.0 145.0


50

2
274.0 145.0
274.0 145.0


51

2
180.0 146.0
180.0 146.0


52

2
284.0 146.0
284.0 146.0


53

4
291.0 147.0
297.0 149.0
297.0 149.0
291.0 147.0


54

8
400.0 147.0
419.0 159.0
419.0 159.0
433.0 158.0
433.0 158.0
426.0 145.0
426.0 145.0
400.0 147.0


55

4
173.0 148.0
175.0 154.0
175.0 154.0
173.0 148.0


56

2
254.0 151.0
254.0 151.0


57

4
256.0 151.0
263.0 153.0
263.0 153.0
256.0 151.0


58

4
264.0 152.0
273.0 154.0
273.0 154.0
264.0 152.0


59

4
275.0 153.0
284.0 155.0
284.0 155.0
275.0 153.0


60

4
287.0 154.0
294.0 156.0
294.0 156.0
287.0 154.0


61

6
498.0 156.0
503.0 158.0
503.0 158.0
493.0 161.0
493.0 161.0
498.0 156.0


62

2
220.0 157.0
220.0 157.0


63

4
508.0 157.0
502.0 161.0
502.0 161.0
508.0 157.0


64

2
184.0 158.0
184.0 158.0


65

2
192.0 158.0
192.0 158.0


66

2
217.0 158.0
217.0 158.0


67

4
516.0 158.0
510.0 162.0
510.0 162.0
516.0 158.0


68

2
215.0 160.0
215.0 160.0


69

4
524.0 160.0
519.0 164.0
519.0 164.0
524.0 160.0


70

6
532.0 161.0
538.0 162.0
538.0 162.0
527.0 165.0
527.0 165.0
532.0 161.0


71

6
540.0 162.0
547.0 163.0
547.0 163.0
536.0 166.0
536.0 166.0
540.0 162.0


72

2
194.0 163.0
194.0 163.0


73

12
549.0 163.0
561.0 165.0
561.0 165.0
535.0 179.0
535.0 179.0
537.0 170.0
537.0 170.0
552.0 168.0
552.0 168.0
544.0 167.0
544.0 167.0
549.0 163.0


74

6
488.0 164.0
493.0 165.0
493.0 165.0
483.0 168.0
483.0 168.0
488.0 164.0


75

2
180.0 165.0
180.0 165.0


76

2
236.0 165.0
236.0 165.0


77

4
494.0 165.0
500.0 166.0
500.0 166.0
494.0 165.0


78

2
238.0 166.0
238.0 166.0


79

4
503.0 166.0
510.0 167.0
510.0 167.0
503.0 166.0


80

2
554.0 166.0
554.0 166.0


81

6
638.0 166.0
640.0 173.0
640.0 173.0
586.0 193.0
586.0 193.0
638.0 166.0


82

2
234.0 167.0
234.0 167.0


83

2
239.0 167.0
239.0 167.0


84

4
511.0 167.0
518.0 168.0
518.0 168.0
511.0 167.0


85

2
552.0 167.0
552.0 167.0


86

2
240.0 168.0
240.0 168.0


87

6
522.0 168.0
527.0 169.0
527.0 169.0
517.0 172.0
517.0 172.0
522.0 168.0


88

6
531.0 169.0
536.0 170.0
536.0 170.0
525.0 173.0
525.0 173.0
531.0 169.0


89

4
479.0 170.0
474.0 174.0
474.0 174.0
479.0 170.0


90

4
177.0 171.0
180.0 177.0
180.0 177.0
177.0 171.0


91

4
488.0 171.0
483.0 175.0
483.0 175.0
488.0 171.0


92

2
544.0 172.0
544.0 172.0


93

4
493.0 173.0
499.0 174.0
499.0 174.0
493.0 173.0


94

4
501.0 174.0
508.0 175.0
508.0 175.0
501.0 174.0


95

2
541.0 174.0
541.0 174.0


96

4
510.0 175.0
516.0 176.0
516.0 176.0
510.0 175.0


97

2
520.0 176.0
520.0 176.0


98

2
470.0 177.0
470.0 177.0


99

4
527.0 177.0
532.0 178.0
532.0 178.0
527.0 177.0


100

2
478.0 178.0
478.0 178.0


101

2
220.0 179.0
220.0 179.0


102

2
486.0 179.0
486.0 179.0


103

2
533.0 179.0
533.0 179.0


104

4
222.0 180.0
227.0 179.0
227.0 179.0
222.0 180.0


105

4
495.0 180.0
490.0 183.0
490.0 183.0
495.0 180.0


106

4
503.0 181.0
498.0 184.0
498.0 184.0
503.0 181.0


107

2
224.0 182.0
224.0 182.0


108

4
511.0 182.0
506.0 185.0
506.0 185.0
511.0 182.0


109

4
516.0 183.0
523.0 184.0
523.0 184.0
516.0 183.0


110

2
207.0 184.0
207.0 184.0


111

4
581.0 193.0
587.0 197.0
587.0 197.0
581.0 193.0


112

6
571.0 198.0
572.0 204.0
572.0 204.0
560.0 204.0
560.0 204.0
571.0 198.0


113

2
194.0 201.0
194.0 201.0


114

6
351.0 212.0
376.0 226.0
376.0 226.0
339.0 216.0
339.0 216.0
351.0 212.0


115

8
356.0 225.0
368.0 227.0
368.0 227.0
367.0 235.0
367.0 235.0
339.0 231.0
339.0 231.0
356.0 225.0


116

2
342.0 226.0
342.0 226.0


117

2
305.0 227.0
305.0 227.0


118

2
190.0 230.0
190.0 230.0


119

4
444.0 230.0
455.0 238.0
455.0 238.0
444.0 230.0


120

2
428.0 232.0
428.0 232.0


121

2
447.0 233.0
447.0 233.0


122

2
359.0 234.0
359.0 234.0


123

2
448.0 234.0
448.0 234.0


124

8
194.0 235.0
198.0 252.0
198.0 252.0
188.0 264.0
188.0 264.0
188.0 239.0
188.0 239.0
194.0 235.0


125

4
182.0 236.0
183.0 230.0
183.0 230.0
182.0 236.0


126

4
405.0 236.0
419.0 238.0
419.0 238.0
405.0 236.0


127

24
232.0 237.0
232.0 224.0
232.0 224.0
219.0 239.0
219.0 239.0
187.0 232.0
187.0 232.0
172.0 280.0
172.0 280.0
167.0 264.0
167.0 264.0
174.0 250.0
174.0 250.0
160.0 260.0
160.0 260.0
164.0 320.0
164.0 320.0
176.0 316.0
176.0 316.0
184.0 323.0
184.0 323.0
202.0 309.0
202.0 309.0
232.0 237.0


128

2
361.0 238.0
361.0 238.0


129

2
356.0 239.0
356.0 239.0


130

4
403.0 239.0
415.0 241.0
415.0 241.0
403.0 239.0


131

2
312.0 240.0
312.0 240.0


132

2
458.0 240.0
458.0 240.0


133

4
219.0 241.0
225.0 244.0
225.0 244.0
219.0 241.0


134

2
396.0 241.0
396.0 241.0


135

4
203.0 242.0
199.0 268.0
199.0 268.0
203.0 242.0


136

2
460.0 242.0
460.0 242.0


137

4
400.0 243.0
405.0 245.0
405.0 245.0
400.0 243.0


138

88
477.0 243.0
462.0 364.0
462.0 364.0
468.0 370.0
468.0 370.0
476.0 360.0
476.0 360.0
467.0 341.0
467.0 341.0
475.0 345.0
475.0 345.0
476.0 334.0
476.0 334.0
469.0 335.0
469.0 335.0
480.0 320.0
480.0 320.0
482.0 261.0
482.0 261.0
483.0 323.0
483.0 323.0
500.0 316.0
500.0 316.0
494.0 333.0
494.0 333.0
500.0 337.0
500.0 337.0
493.0 335.0
493.0 335.0
491.0 344.0
491.0 344.0
499.0 346.0
499.0 346.0
490.0 347.0
490.0 347.0
472.0 381.0
472.0 381.0
483.0 400.0
483.0 400.0
494.0 395.0
494.0 395.0
488.0 417.0
488.0 417.0
498.0 442.0
498.0 442.0
524.0 445.0
524.0 445.0
522.0 452.0
522.0 452.0
502.0 452.0
502.0 452.0
507.0 466.0
507.0 466.0
546.0 461.0
546.0 461.0
543.0 453.0
543.0 453.0
554.0 461.0
554.0 461.0
640.0 453.0
640.0 453.0
640.0 480.0
640.0 480.0
618.0 473.0
618.0 473.0
612.0 480.0
612.0 480.0
439.0 480.0
439.0 480.0
442.0 466.0
442.0 466.0
433.0 466.0
433.0 466.0
427.0 480.0
427.0 480.0
390.0 480.0
390.0 480.0
414.0 457.0
414.0 457.0
435.0 384.0
435.0 384.0
454.0 370.0
454.0 370.0
471.0 292.0
471.0 292.0
470.0 247.0
470.0 247.0
477.0 243.0


139

2
463.0 244.0
463.0 244.0


140

2
399.0 245.0
399.0 245.0


141

6
214.0 246.0
206.0 276.0
206.0 276.0
207.0 251.0
207.0 251.0
214.0 246.0


142

2
400.0 246.0
400.0 246.0


143

2
466.0 246.0
466.0 246.0


144

2
403.0 248.0
403.0 248.0


145

2
473.0 249.0
473.0 249.0


146

2
401.0 253.0
401.0 253.0


147

2
435.0 255.0
435.0 255.0


148

4
469.0 267.0
468.0 287.0
468.0 287.0
469.0 267.0


149

4
370.0 268.0
375.0 270.0
375.0 270.0
370.0 268.0


150

2
432.0 269.0
432.0 269.0


151

2
438.0 269.0
438.0 269.0


152

2
440.0 269.0
440.0 269.0


153

2
222.0 270.0
222.0 270.0


154

2
449.0 270.0
449.0 270.0


155

2
431.0 272.0
431.0 272.0


156

2
430.0 275.0
430.0 275.0


157

10
221.0 277.0
222.0 272.0
222.0 272.0
210.0 303.0
210.0 303.0
247.0 293.0
247.0 293.0
219.0 298.0
219.0 298.0
221.0 277.0


158

2
432.0 277.0
432.0 277.0


159

2
421.0 282.0
421.0 282.0


160

2
423.0 285.0
423.0 285.0


161

2
467.0 290.0
467.0 290.0


162

2
562.0 290.0
562.0 290.0


163

4
451.0 293.0
457.0 298.0
457.0 298.0
451.0 293.0


164

2
467.0 293.0
467.0 293.0


165

2
216.0 296.0
216.0 296.0


166

4
466.0 297.0
467.0 302.0
467.0 302.0
466.0 297.0


167

2
213.0 299.0
213.0 299.0


168

4
250.0 299.0
255.0 300.0
255.0 300.0
250.0 299.0


169

2
247.0 300.0
247.0 300.0


170

4
453.0 301.0
454.0 308.0
454.0 308.0
453.0 301.0


171

2
246.0 302.0
246.0 302.0


172

4
240.0 304.0
235.0 303.0
235.0 303.0
240.0 304.0


173

2
465.0 307.0
465.0 307.0


174

2
322.0 308.0
322.0 308.0


175

2
323.0 310.0
323.0 310.0


176

2
324.0 312.0
324.0 312.0


177

2
485.0 312.0
485.0 312.0


178

2
249.0 314.0
249.0 314.0


179

48
294.0 314.0
263.0 317.0
263.0 317.0
242.0 337.0
242.0 337.0
227.0 334.0
227.0 334.0
237.0 333.0
237.0 333.0
225.0 329.0
225.0 329.0
231.0 325.0
231.0 325.0
220.0 334.0
220.0 334.0
211.0 329.0
211.0 329.0
179.0 353.0
179.0 353.0
194.0 340.0
194.0 340.0
244.0 342.0
244.0 342.0
239.0 359.0
239.0 359.0
245.0 368.0
245.0 368.0
247.0 359.0
247.0 359.0
258.0 367.0
258.0 367.0
263.0 394.0
263.0 394.0
295.0 429.0
295.0 429.0
315.0 473.0
315.0 473.0
299.0 386.0
299.0 386.0
278.0 346.0
278.0 346.0
278.0 324.0
278.0 324.0
296.0 332.0
296.0 332.0
301.0 313.0
301.0 313.0
294.0 314.0


180

2
325.0 314.0
325.0 314.0


181

2
231.0 315.0
231.0 315.0


182

2
227.0 316.0
227.0 316.0


183

2
222.0 317.0
222.0 317.0


184

4
414.0 317.0
420.0 316.0
420.0 316.0
414.0 317.0


185

2
281.0 318.0
281.0 318.0


186

4
271.0 320.0
266.0 325.0
266.0 325.0
271.0 320.0


187

2
330.0 320.0
330.0 320.0


188

2
399.0 320.0
399.0 320.0


189

2
260.0 321.0
260.0 321.0


190

4
250.0 322.0
256.0 323.0
256.0 323.0
250.0 322.0


191

2
469.0 322.0
469.0 322.0


192

4
247.0 323.0
232.0 325.0
232.0 325.0
247.0 323.0


193

2
471.0 323.0
471.0 323.0


194

4
334.0 324.0
342.0 331.0
342.0 331.0
334.0 324.0


195

4
396.0 324.0
398.0 319.0
398.0 319.0
396.0 324.0


196

2
467.0 325.0
467.0 325.0


197

2
472.0 325.0
472.0 325.0


198

2
495.0 326.0
495.0 326.0


199

2
219.0 327.0
219.0 327.0


200

2
295.0 327.0
295.0 327.0


201

2
464.0 327.0
464.0 327.0


202

2
490.0 327.0
490.0 327.0


203

2
486.0 330.0
486.0 330.0


204

2
477.0 332.0
477.0 332.0


205

2
205.0 335.0
205.0 335.0


206

2
294.0 335.0
294.0 335.0


207

4
254.0 336.0
262.0 345.0
262.0 345.0
254.0 336.0


208

2
301.0 342.0
301.0 342.0


209

2
407.0 342.0
407.0 342.0


210

6
413.0 342.0
411.0 347.0
411.0 347.0
428.0 349.0
428.0 349.0
413.0 342.0


211

4
269.0 343.0
276.0 349.0
276.0 349.0
269.0 343.0


212

2
461.0 344.0
461.0 344.0


213

4
255.0 345.0
260.0 354.0
260.0 354.0
255.0 345.0


214

2
279.0 345.0
279.0 345.0


215

2
286.0 345.0
286.0 345.0


216

2
460.0 345.0
460.0 345.0


217

4
220.0 346.0
206.0 349.0
206.0 349.0
220.0 346.0


218

2
224.0 347.0
224.0 347.0


219

2
249.0 347.0
249.0 347.0


220

2
278.0 349.0
278.0 349.0


221

2
459.0 349.0
459.0 349.0


222

4
491.0 349.0
496.0 351.0
496.0 351.0
491.0 349.0


223

2
410.0 350.0
410.0 350.0


224

2
428.0 350.0
428.0 350.0


225

6
188.0 351.0
208.0 355.0
208.0 355.0
202.0 344.0
202.0 344.0
188.0 351.0


226

2
208.0 352.0
208.0 352.0


227

4
224.0 353.0
234.0 357.0
234.0 357.0
224.0 353.0


228

4
210.0 354.0
216.0 356.0
216.0 356.0
210.0 354.0


229

6
458.0 354.0
459.0 349.0
459.0 349.0
455.0 364.0
455.0 364.0
458.0 354.0


230

2
177.0 355.0
177.0 355.0


231

2
209.0 355.0
209.0 355.0


232

2
176.0 356.0
176.0 356.0


233

2
182.0 356.0
182.0 356.0


234

4
259.0 356.0
260.0 362.0
260.0 362.0
259.0 356.0


235

2
440.0 356.0
440.0 356.0


236

2
235.0 357.0
235.0 357.0


237

4
178.0 359.0
166.0 370.0
166.0 370.0
178.0 359.0


238

6
218.0 363.0
235.0 377.0
235.0 377.0
226.0 359.0
226.0 359.0
218.0 363.0


239

2
183.0 365.0
183.0 365.0


240

2
457.0 365.0
457.0 365.0


241

2
167.0 368.0
167.0 368.0


242

2
462.0 369.0
462.0 369.0


243

2
358.0 370.0
358.0 370.0


244

2
463.0 370.0
463.0 370.0


245

2
464.0 371.0
464.0 371.0


246

4
247.0 372.0
258.0 379.0
258.0 379.0
247.0 372.0


247

2
360.0 373.0
360.0 373.0


248

2
466.0 373.0
466.0 373.0


249

2
340.0 375.0
340.0 375.0


250

12
383.0 375.0
380.0 369.0
380.0 369.0
363.0 378.0
363.0 378.0
375.0 381.0
375.0 381.0
366.0 385.0
366.0 385.0
371.0 412.0
371.0 412.0
383.0 375.0


251

2
316.0 379.0
316.0 379.0


252

2
317.0 380.0
317.0 380.0


253

2
376.0 380.0
376.0 380.0


254

2
318.0 381.0
318.0 381.0


255

6
119.0 382.0
112.0 382.0
112.0 382.0
112.0 398.0
112.0 398.0
119.0 382.0


256

6
400.0 382.0
398.0 371.0
398.0 371.0
382.0 434.0
382.0 434.0
400.0 382.0


257

2
342.0 385.0
342.0 385.0


258

2
238.0 387.0
238.0 387.0


259

2
495.0 387.0
495.0 387.0


260

2
239.0 389.0
239.0 389.0


261

2
320.0 389.0
320.0 389.0


262

4
183.0 390.0
178.0 396.0
178.0 396.0
183.0 390.0


263

4
511.0 390.0
512.0 399.0
512.0 399.0
511.0 390.0


264

2
211.0 391.0
211.0 391.0


265

34
552.0 391.0
617.0 411.0
617.0 411.0
604.0 417.0
604.0 417.0
607.0 444.0
607.0 444.0
568.0 428.0
568.0 428.0
572.0 432.0
572.0 432.0
557.0 429.0
557.0 429.0
550.0 445.0
550.0 445.0
540.0 444.0
540.0 444.0
534.0 413.0
534.0 413.0
526.0 437.0
526.0 437.0
529.0 403.0
529.0 403.0
535.0 412.0
535.0 412.0
535.0 398.0
535.0 398.0
542.0 398.0
542.0 398.0
541.0 413.0
541.0 413.0
552.0 419.0
552.0 419.0
552.0 391.0


266

10
240.0 392.0
250.0 406.0
250.0 406.0
242.0 408.0
242.0 408.0
257.0 419.0
257.0 419.0
258.0 401.0
258.0 401.0
240.0 392.0


267

2
299.0 392.0
299.0 392.0


268

4
464.0 392.0
467.0 384.0
467.0 384.0
464.0 392.0


269

2
219.0 394.0
219.0 394.0


270

4
223.0 394.0
235.0 403.0
235.0 403.0
223.0 394.0


271

2
301.0 397.0
301.0 397.0


272

2
489.0 401.0
489.0 401.0


273

2
325.0 402.0
325.0 402.0


274

2
158.0 403.0
158.0 403.0


275

2
108.0 409.0
108.0 409.0


276

12
463.0 411.0
461.0 418.0
461.0 418.0
469.0 408.0
469.0 408.0
450.0 392.0
450.0 392.0
436.0 414.0
436.0 414.0
432.0 439.0
432.0 439.0
463.0 411.0


277

2
538.0 414.0
538.0 414.0


278

4
370.0 417.0
371.0 412.0
371.0 412.0
370.0 417.0


279

2
552.0 418.0
552.0 418.0


280

2
538.0 419.0
538.0 419.0


281

2
554.0 422.0
554.0 422.0


282

6
159.0 424.0
168.0 426.0
168.0 426.0
170.0 419.0
170.0 419.0
159.0 424.0


283

4
567.0 424.0
558.0 423.0
558.0 423.0
567.0 424.0


284

2
575.0 424.0
575.0 424.0


285

4
588.0 424.0
596.0 423.0
596.0 423.0
588.0 424.0


286

4
188.0 425.0
193.0 424.0
193.0 424.0
188.0 425.0


287

2
553.0 425.0
553.0 425.0


288

4
483.0 427.0
488.0 425.0
488.0 425.0
483.0 427.0


289

2
584.0 427.0
584.0 427.0


290

2
332.0 428.0
332.0 428.0


291

2
512.0 428.0
512.0 428.0


292

2
585.0 429.0
585.0 429.0


293

2
333.0 431.0
333.0 431.0


294

2
369.0 431.0
369.0 431.0


295

4
511.0 431.0
512.0 437.0
512.0 437.0
511.0 431.0


296

2
584.0 431.0
584.0 431.0


297

2
573.0 432.0
573.0 432.0


298

2
587.0 432.0
587.0 432.0


299

6
195.0 433.0
203.0 435.0
203.0 435.0
201.0 429.0
201.0 429.0
195.0 433.0


300

2
369.0 433.0
369.0 433.0


301

2
581.0 433.0
581.0 433.0


302

2
585.0 433.0
585.0 433.0


303

2
189.0 434.0
189.0 434.0


304

2
334.0 434.0
334.0 434.0


305

2
552.0 434.0
552.0 434.0


306

2
567.0 434.0
567.0 434.0


307

2
578.0 434.0
578.0 434.0


308

8
187.0 435.0
184.0 426.0
184.0 426.0
167.0 441.0
167.0 441.0
178.0 443.0
178.0 443.0
187.0 435.0


309

2
589.0 435.0
589.0 435.0


310

2
379.0 436.0
379.0 436.0


311

2
380.0 437.0
380.0 437.0


312

2
583.0 437.0
583.0 437.0


313

2
415.0 440.0
415.0 440.0


314

2
431.0 440.0
431.0 440.0


315

2
377.0 441.0
377.0 441.0


316

2
430.0 442.0
430.0 442.0


317

10
468.0 443.0
486.0 445.0
486.0 445.0
478.0 427.0
478.0 427.0
453.0 436.0
453.0 436.0
448.0 450.0
448.0 450.0
468.0 443.0


318

2
216.0 444.0
216.0 444.0


319

2
198.0 445.0
198.0 445.0


320

2
427.0 445.0
427.0 445.0


321

2
460.0 445.0
460.0 445.0


322

10
189.0 446.0
187.0 453.0
187.0 453.0
174.0 454.0
174.0 454.0
193.0 464.0
193.0 464.0
202.0 461.0
202.0 461.0
189.0 446.0


323

2
195.0 446.0
195.0 446.0


324

2
345.0 447.0
345.0 447.0


325

4
568.0 447.0
611.0 448.0
611.0 448.0
568.0 447.0


326

4
488.0 448.0
492.0 452.0
492.0 452.0
488.0 448.0


327

4
558.0 449.0
565.0 452.0
565.0 452.0
558.0 449.0


328

2
426.0 450.0
426.0 450.0


329

2
479.0 451.0
479.0 451.0


330

2
452.0 452.0
452.0 452.0


331

2
480.0 452.0
480.0 452.0


332

2
569.0 452.0
569.0 452.0


333

4
576.0 453.0
581.0 454.0
581.0 454.0
576.0 453.0


334

4
583.0 454.0
593.0 457.0
593.0 457.0
583.0 454.0


335

8
489.0 455.0
484.0 458.0
484.0 458.0
495.0 466.0
495.0 466.0
497.0 457.0
497.0 457.0
489.0 455.0


336

2
478.0 456.0
478.0 456.0


337

2
594.0 456.0
594.0 456.0


338

2
145.0 463.0
145.0 463.0


339

2
436.0 463.0
436.0 463.0


340

2
435.0 466.0
435.0 466.0


341

2
268.0 467.0
268.0 467.0


342

4
431.0 467.0
423.0 475.0
423.0 475.0
431.0 467.0


343

2
473.0 468.0
473.0 468.0


344

2
509.0 469.0
509.0 469.0


345

2
474.0 470.0
474.0 470.0


346

6
163.0 471.0
168.0 477.0
168.0 477.0
186.0 473.0
186.0 473.0
163.0 471.0


347

4
482.0 471.0
487.0 474.0
487.0 474.0
482.0 471.0


348

4
498.0 471.0
503.0 474.0
503.0 474.0
498.0 471.0


349

2
402.0 473.0
402.0 473.0


350

4
443.0 473.0
449.0 468.0
449.0 468.0
443.0 473.0


351

4
459.0 473.0
464.0 470.0
464.0 470.0
459.0 473.0


352

2
366.0 477.0
366.0 477.0


353

2
422.0 477.0
422.0 477.0


354

2
470.0 477.0
470.0 477.0


355

2
421.0 478.0
421.0 478.0


356

2
471.0 479.0
471.0 479.0


