1

38
100.0 0.0
107.0 0.0
107.0 0.0
109.0 4.0
109.0 4.0
114.0 4.0
114.0 4.0
111.0 0.0
111.0 0.0
235.0 0.0
235.0 0.0
249.0 46.0
249.0 46.0
199.0 50.0
199.0 50.0
191.0 44.0
191.0 44.0
193.0 50.0
193.0 50.0
197.0 51.0
197.0 51.0
139.0 55.0
139.0 55.0
111.0 13.0
111.0 13.0
111.0 61.0
111.0 61.0
10.0 61.0
10.0 61.0
10.0 10.0
10.0 10.0
108.0 10.0
108.0 10.0
107.0 3.0
107.0 3.0
102.0 5.0
102.0 5.0
100.0 0.0


2

676
365.0 0.0
371.0 2.0
371.0 2.0
371.0 57.0
371.0 57.0
372.0 74.0
372.0 74.0
375.0 76.0
375.0 76.0
380.0 73.0
380.0 73.0
387.0 51.0
387.0 51.0
396.0 42.0
396.0 42.0
423.0 30.0
423.0 30.0
458.0 30.0
458.0 30.0
463.0 34.0
463.0 34.0
467.0 45.0
467.0 45.0
472.0 46.0
472.0 46.0
476.0 53.0
476.0 53.0
473.0 55.0
473.0 55.0
460.0 41.0
460.0 41.0
454.0 41.0
454.0 41.0
452.0 44.0
452.0 44.0
444.0 44.0
444.0 44.0
446.0 47.0
446.0 47.0
437.0 50.0
437.0 50.0
433.0 58.0
433.0 58.0
428.0 57.0
428.0 57.0
416.0 64.0
416.0 64.0
415.0 70.0
415.0 70.0
407.0 70.0
407.0 70.0
411.0 76.0
411.0 76.0
407.0 74.0
407.0 74.0
408.0 72.0
408.0 72.0
402.0 72.0
402.0 72.0
405.0 69.0
405.0 69.0
398.0 72.0
398.0 72.0
397.0 80.0
397.0 80.0
400.0 86.0
400.0 86.0
409.0 94.0
409.0 94.0
418.0 96.0
418.0 96.0
406.0 104.0
406.0 104.0
412.0 140.0
412.0 140.0
420.0 152.0
420.0 152.0
418.0 155.0
418.0 155.0
412.0 156.0
412.0 156.0
407.0 142.0
407.0 142.0
404.0 147.0
404.0 147.0
408.0 155.0
408.0 155.0
395.0 154.0
395.0 154.0
386.0 164.0
386.0 164.0
341.0 181.0
341.0 181.0
331.0 193.0
331.0 193.0
325.0 207.0
325.0 207.0
321.0 204.0
321.0 204.0
305.0 213.0
305.0 213.0
293.0 213.0
293.0 213.0
290.0 215.0
290.0 215.0
291.0 219.0
291.0 219.0
286.0 219.0
286.0 219.0
279.0 212.0
279.0 212.0
276.0 199.0
276.0 199.0
273.0 200.0
273.0 200.0
272.0 209.0
272.0 209.0
270.0 208.0
270.0 208.0
262.0 217.0
262.0 217.0
262.0 221.0
262.0 221.0
274.0 219.0
274.0 219.0
276.0 216.0
276.0 216.0
279.0 220.0
279.0 220.0
286.0 220.0
286.0 220.0
285.0 226.0
285.0 226.0
288.0 226.0
288.0 226.0
306.0 216.0
306.0 216.0
332.0 212.0
332.0 212.0
354.0 218.0
354.0 218.0
357.0 223.0
357.0 223.0
373.0 232.0
373.0 232.0
373.0 239.0
373.0 239.0
383.0 259.0
383.0 259.0
383.0 281.0
383.0 281.0
377.0 301.0
377.0 301.0
379.0 318.0
379.0 318.0
376.0 319.0
376.0 319.0
373.0 314.0
373.0 314.0
373.0 297.0
373.0 297.0
366.0 292.0
366.0 292.0
358.0 292.0
358.0 292.0
357.0 297.0
357.0 297.0
349.0 297.0
349.0 297.0
349.0 300.0
349.0 300.0
359.0 300.0
359.0 300.0
366.0 305.0
366.0 305.0
365.0 300.0
365.0 300.0
367.0 309.0
367.0 309.0
361.0 314.0
361.0 314.0
353.0 313.0
353.0 313.0
353.0 310.0
353.0 310.0
359.0 309.0
359.0 309.0
353.0 308.0
353.0 308.0
350.0 302.0
350.0 302.0
344.0 303.0
344.0 303.0
345.0 301.0
345.0 301.0
338.0 296.0
338.0 296.0
342.0 327.0
342.0 327.0
340.0 323.0
340.0 323.0
337.0 324.0
337.0 324.0
336.0 319.0
336.0 319.0
336.0 298.0
336.0 298.0
342.0 287.0
342.0 287.0
354.0 282.0
354.0 282.0
367.0 285.0
367.0 285.0
371.0 291.0
371.0 291.0
374.0 289.0
374.0 289.0
373.0 270.0
373.0 270.0
368.0 260.0
368.0 260.0
337.0 250.0
337.0 250.0
303.0 248.0
303.0 248.0
292.0 255.0
292.0 255.0
293.0 263.0
293.0 263.0
288.0 270.0
288.0 270.0
288.0 279.0
288.0 279.0
297.0 276.0
297.0 276.0
311.0 278.0
311.0 278.0
323.0 283.0
323.0 283.0
327.0 292.0
327.0 292.0
316.0 295.0
316.0 295.0
316.0 298.0
316.0 298.0
300.0 297.0
300.0 297.0
298.0 299.0
298.0 299.0
304.0 302.0
304.0 302.0
297.0 302.0
297.0 302.0
287.0 296.0
287.0 296.0
279.0 284.0
279.0 284.0
272.0 299.0
272.0 299.0
276.0 320.0
276.0 320.0
275.0 331.0
275.0 331.0
279.0 346.0
279.0 346.0
288.0 356.0
288.0 356.0
291.0 377.0
291.0 377.0
301.0 388.0
301.0 388.0
334.0 395.0
334.0 395.0
348.0 389.0
348.0 389.0
346.0 393.0
346.0 393.0
351.0 397.0
351.0 397.0
353.0 405.0
353.0 405.0
360.0 406.0
360.0 406.0
360.0 402.0
360.0 402.0
363.0 401.0
363.0 401.0
367.0 402.0
367.0 402.0
363.0 403.0
363.0 403.0
364.0 405.0
364.0 405.0
369.0 406.0
369.0 406.0
368.0 412.0
368.0 412.0
383.0 406.0
383.0 406.0
397.0 410.0
397.0 410.0
398.0 414.0
398.0 414.0
388.0 427.0
388.0 427.0
384.0 448.0
384.0 448.0
385.0 461.0
385.0 461.0
375.0 480.0
375.0 480.0
318.0 480.0
318.0 480.0
319.0 472.0
319.0 472.0
313.0 447.0
313.0 447.0
306.0 437.0
306.0 437.0
297.0 438.0
297.0 438.0
296.0 441.0
296.0 441.0
293.0 439.0
293.0 439.0
291.0 449.0
291.0 449.0
303.0 464.0
303.0 464.0
308.0 480.0
308.0 480.0
278.0 480.0
278.0 480.0
271.0 464.0
271.0 464.0
271.0 480.0
271.0 480.0
256.0 480.0
256.0 480.0
249.0 458.0
249.0 458.0
243.0 458.0
243.0 458.0
238.0 444.0
238.0 444.0
231.0 438.0
231.0 438.0
229.0 431.0
229.0 431.0
219.0 427.0
219.0 427.0
217.0 429.0
217.0 429.0
219.0 425.0
219.0 425.0
228.0 425.0
228.0 425.0
230.0 412.0
230.0 412.0
246.0 411.0
246.0 411.0
250.0 414.0
250.0 414.0
252.0 423.0
252.0 423.0
262.0 428.0
262.0 428.0
275.0 428.0
275.0 428.0
282.0 436.0
282.0 436.0
296.0 437.0
296.0 437.0
296.0 427.0
296.0 427.0
305.0 424.0
305.0 424.0
287.0 423.0
287.0 423.0
280.0 415.0
280.0 415.0
272.0 414.0
272.0 414.0
267.0 406.0
267.0 406.0
261.0 409.0
261.0 409.0
261.0 417.0
261.0 417.0
264.0 420.0
264.0 420.0
260.0 422.0
260.0 422.0
256.0 419.0
256.0 419.0
256.0 400.0
256.0 400.0
227.0 402.0
227.0 402.0
214.0 406.0
214.0 406.0
211.0 403.0
211.0 403.0
221.0 400.0
221.0 400.0
219.0 398.0
219.0 398.0
224.0 399.0
224.0 399.0
223.0 397.0
223.0 397.0
236.0 398.0
236.0 398.0
242.0 394.0
242.0 394.0
246.0 397.0
246.0 397.0
250.0 384.0
250.0 384.0
259.0 378.0
259.0 378.0
253.0 373.0
253.0 373.0
261.0 374.0
261.0 374.0
260.0 378.0
260.0 378.0
269.0 373.0
269.0 373.0
270.0 337.0
270.0 337.0
268.0 331.0
268.0 331.0
259.0 325.0
259.0 325.0
256.0 316.0
256.0 316.0
258.0 313.0
258.0 313.0
265.0 324.0
265.0 324.0
264.0 313.0
264.0 313.0
267.0 310.0
267.0 310.0
263.0 308.0
263.0 308.0
265.0 300.0
265.0 300.0
258.0 296.0
258.0 296.0
255.0 287.0
255.0 287.0
265.0 288.0
265.0 288.0
272.0 246.0
272.0 246.0
284.0 227.0
284.0 227.0
262.0 222.0
262.0 222.0
231.0 230.0
231.0 230.0
217.0 243.0
217.0 243.0
175.0 244.0
175.0 244.0
5.0 78.0
5.0 78.0
1.0 77.0
1.0 77.0
0.0 71.0
0.0 71.0
6.0 73.0
6.0 73.0
29.0 97.0
29.0 97.0
41.0 103.0
41.0 103.0
42.0 100.0
42.0 100.0
51.0 100.0
51.0 100.0
57.0 96.0
57.0 96.0
52.0 95.0
52.0 95.0
25.0 65.0
25.0 65.0
31.0 65.0
31.0 65.0
63.0 99.0
63.0 99.0
151.0 93.0
151.0 93.0
152.0 97.0
152.0 97.0
114.0 97.0
114.0 97.0
111.0 100.0
111.0 100.0
69.0 101.0
69.0 101.0
70.0 103.0
70.0 103.0
66.0 104.0
66.0 104.0
148.0 190.0
148.0 190.0
169.0 190.0
169.0 190.0
156.0 192.0
156.0 192.0
153.0 197.0
153.0 197.0
159.0 196.0
159.0 196.0
157.0 199.0
157.0 199.0
160.0 198.0
160.0 198.0
161.0 204.0
161.0 204.0
167.0 206.0
167.0 206.0
166.0 210.0
166.0 210.0
170.0 212.0
170.0 212.0
168.0 214.0
168.0 214.0
175.0 217.0
175.0 217.0
174.0 220.0
174.0 220.0
178.0 221.0
178.0 221.0
180.0 228.0
180.0 228.0
183.0 227.0
183.0 227.0
181.0 230.0
181.0 230.0
160.0 212.0
160.0 212.0
155.0 204.0
155.0 204.0
153.0 205.0
153.0 205.0
148.0 196.0
148.0 196.0
140.0 193.0
140.0 193.0
132.0 195.0
132.0 195.0
169.0 234.0
169.0 234.0
179.0 240.0
179.0 240.0
188.0 240.0
188.0 240.0
187.0 236.0
187.0 236.0
193.0 239.0
193.0 239.0
214.0 239.0
214.0 239.0
223.0 229.0
223.0 229.0
239.0 223.0
239.0 223.0
239.0 220.0
239.0 220.0
235.0 219.0
235.0 219.0
233.0 211.0
233.0 211.0
227.0 208.0
227.0 208.0
228.0 205.0
228.0 205.0
225.0 204.0
225.0 204.0
226.0 201.0
226.0 201.0
220.0 191.0
220.0 191.0
212.0 190.0
212.0 190.0
214.0 181.0
214.0 181.0
210.0 178.0
210.0 178.0
209.0 172.0
209.0 172.0
165.0 102.0
165.0 102.0
153.0 94.0
153.0 94.0
156.0 89.0
156.0 89.0
132.0 50.0
132.0 50.0
140.0 58.0
140.0 58.0
145.0 59.0
145.0 59.0
143.0 63.0
143.0 63.0
163.0 92.0
163.0 92.0
219.0 88.0
219.0 88.0
217.0 92.0
217.0 92.0
205.0 90.0
205.0 90.0
205.0 93.0
205.0 93.0
202.0 91.0
202.0 91.0
166.0 97.0
166.0 97.0
211.0 170.0
211.0 170.0
215.0 171.0
215.0 171.0
216.0 177.0
216.0 177.0
222.0 179.0
222.0 179.0
222.0 182.0
222.0 182.0
260.0 176.0
260.0 176.0
273.0 177.0
273.0 177.0
274.0 168.0
274.0 168.0
267.0 142.0
267.0 142.0
265.0 120.0
265.0 120.0
287.0 114.0
287.0 114.0
290.0 107.0
290.0 107.0
301.0 106.0
301.0 106.0
305.0 102.0
305.0 102.0
321.0 106.0
321.0 106.0
328.0 114.0
328.0 114.0
341.0 120.0
341.0 120.0
351.0 146.0
351.0 146.0
358.0 148.0
358.0 148.0
366.0 145.0
366.0 145.0
368.0 85.0
368.0 85.0
364.0 80.0
364.0 80.0
347.0 81.0
347.0 81.0
347.0 77.0
347.0 77.0
360.0 77.0
360.0 77.0
367.0 73.0
367.0 73.0
365.0 0.0


3

184
495.0 0.0
501.0 0.0
501.0 0.0
501.0 3.0
501.0 3.0
483.0 62.0
483.0 62.0
486.0 66.0
486.0 66.0
593.0 57.0
593.0 57.0
613.0 19.0
613.0 19.0
623.0 7.0
623.0 7.0
622.0 4.0
622.0 4.0
624.0 5.0
624.0 5.0
626.0 0.0
626.0 0.0
640.0 0.0
640.0 0.0
640.0 12.0
640.0 12.0
622.0 13.0
622.0 13.0
623.0 17.0
623.0 17.0
640.0 18.0
640.0 18.0
619.0 20.0
619.0 20.0
600.0 52.0
600.0 52.0
603.0 56.0
603.0 56.0
640.0 53.0
640.0 53.0
640.0 58.0
640.0 58.0
598.0 60.0
598.0 60.0
568.0 110.0
568.0 110.0
567.0 117.0
567.0 117.0
565.0 116.0
565.0 116.0
560.0 125.0
560.0 125.0
556.0 141.0
556.0 141.0
554.0 140.0
554.0 140.0
554.0 143.0
554.0 143.0
557.0 142.0
557.0 142.0
557.0 138.0
557.0 138.0
560.0 142.0
560.0 142.0
566.0 143.0
566.0 143.0
584.0 134.0
584.0 134.0
609.0 135.0
609.0 135.0
640.0 124.0
640.0 124.0
640.0 221.0
640.0 221.0
559.0 226.0
559.0 226.0
553.0 220.0
553.0 220.0
537.0 182.0
537.0 182.0
525.0 171.0
525.0 171.0
512.0 167.0
512.0 167.0
482.0 165.0
482.0 165.0
459.0 155.0
459.0 155.0
423.0 155.0
423.0 155.0
434.0 151.0
434.0 151.0
438.0 153.0
438.0 153.0
436.0 147.0
436.0 147.0
448.0 140.0
448.0 140.0
454.0 141.0
454.0 141.0
453.0 135.0
453.0 135.0
456.0 136.0
456.0 136.0
455.0 139.0
455.0 139.0
459.0 139.0
459.0 139.0
461.0 135.0
461.0 135.0
458.0 127.0
458.0 127.0
461.0 123.0
461.0 123.0
477.0 127.0
477.0 127.0
480.0 122.0
480.0 122.0
479.0 114.0
479.0 114.0
498.0 120.0
498.0 120.0
507.0 132.0
507.0 132.0
530.0 144.0
530.0 144.0
540.0 146.0
540.0 146.0
590.0 65.0
590.0 65.0
588.0 61.0
588.0 61.0
583.0 60.0
583.0 60.0
534.0 66.0
534.0 66.0
531.0 64.0
531.0 64.0
525.0 67.0
525.0 67.0
486.0 68.0
486.0 68.0
481.0 74.0
481.0 74.0
493.0 80.0
493.0 80.0
493.0 89.0
493.0 89.0
486.0 93.0
486.0 93.0
487.0 100.0
487.0 100.0
480.0 98.0
480.0 98.0
481.0 93.0
481.0 93.0
478.0 91.0
478.0 91.0
477.0 97.0
477.0 97.0
473.0 97.0
473.0 97.0
476.0 102.0
476.0 102.0
469.0 102.0
469.0 102.0
469.0 98.0
469.0 98.0
476.0 95.0
476.0 95.0
475.0 87.0
475.0 87.0
486.0 90.0
486.0 90.0
490.0 88.0
490.0 88.0
488.0 82.0
488.0 82.0
476.0 74.0
476.0 74.0
476.0 68.0
476.0 68.0
482.0 55.0
482.0 55.0
495.0 0.0


4

2
625.0 4.0
625.0 4.0


5

6
173.0 7.0
176.0 14.0
176.0 14.0
184.0 13.0
184.0 13.0
173.0 7.0


6

12
204.0 8.0
212.0 13.0
212.0 13.0
214.0 10.0
214.0 10.0
233.0 9.0
233.0 9.0
210.0 9.0
210.0 9.0
206.0 5.0
206.0 5.0
204.0 8.0


7

2
114.0 12.0
114.0 12.0


8

8
144.0 12.0
147.0 16.0
147.0 16.0
152.0 15.0
152.0 15.0
146.0 9.0
146.0 9.0
144.0 12.0


9

2
184.0 12.0
184.0 12.0


10

4
188.0 12.0
198.0 11.0
198.0 11.0
188.0 12.0


11

8
115.0 15.0
118.0 18.0
118.0 18.0
123.0 17.0
123.0 17.0
117.0 12.0
117.0 12.0
115.0 15.0


12

10
209.0 19.0
211.0 24.0
211.0 24.0
237.0 22.0
237.0 22.0
216.0 22.0
216.0 22.0
210.0 17.0
210.0 17.0
209.0 19.0


13

8
179.0 20.0
183.0 27.0
183.0 27.0
191.0 26.0
191.0 26.0
182.0 19.0
182.0 19.0
179.0 20.0


14

6
150.0 22.0
154.0 29.0
154.0 29.0
160.0 28.0
160.0 28.0
150.0 22.0


15

6
116.0 25.0
122.0 30.0
122.0 30.0
130.0 47.0
130.0 47.0
116.0 25.0


16

4
191.0 25.0
204.0 24.0
204.0 24.0
191.0 25.0


17

8
122.0 26.0
124.0 30.0
124.0 30.0
132.0 30.0
132.0 30.0
126.0 25.0
126.0 25.0
122.0 26.0


18

10
184.0 31.0
189.0 39.0
189.0 39.0
211.0 37.0
211.0 37.0
193.0 37.0
193.0 37.0
185.0 28.0
185.0 28.0
184.0 31.0


19

10
214.0 32.0
222.0 38.0
222.0 38.0
237.0 35.0
237.0 35.0
219.0 34.0
219.0 34.0
216.0 30.0
216.0 30.0
214.0 32.0


20

10
156.0 34.0
160.0 41.0
160.0 41.0
175.0 40.0
175.0 40.0
165.0 39.0
165.0 39.0
159.0 33.0
159.0 33.0
156.0 34.0


21

8
0.0 35.0
6.0 38.0
6.0 38.0
6.0 44.0
6.0 44.0
0.0 41.0
0.0 41.0
0.0 35.0


22

8
130.0 39.0
132.0 42.0
132.0 42.0
138.0 42.0
138.0 42.0
132.0 37.0
132.0 37.0
130.0 39.0


23

36
251.0 42.0
266.0 83.0
266.0 83.0
272.0 86.0
272.0 86.0
276.0 83.0
276.0 83.0
292.0 82.0
292.0 82.0
289.0 85.0
289.0 85.0
284.0 84.0
284.0 84.0
283.0 87.0
283.0 87.0
272.0 86.0
272.0 86.0
268.0 90.0
268.0 90.0
275.0 112.0
275.0 112.0
273.0 116.0
273.0 116.0
263.0 90.0
263.0 90.0
257.0 86.0
257.0 86.0
260.0 79.0
260.0 79.0
252.0 56.0
252.0 56.0
247.0 50.0
247.0 50.0
251.0 47.0
251.0 47.0
251.0 42.0


24

2
219.0 43.0
219.0 43.0


25

8
220.0 45.0
221.0 48.0
221.0 48.0
227.0 47.0
227.0 47.0
221.0 43.0
221.0 43.0
220.0 45.0


26

2
130.0 48.0
130.0 48.0


27

8
164.0 48.0
166.0 52.0
166.0 52.0
171.0 52.0
171.0 52.0
168.0 47.0
168.0 47.0
164.0 48.0


28

6
222.0 50.0
236.0 52.0
236.0 52.0
214.0 53.0
214.0 53.0
222.0 50.0


29

4
239.0 50.0
246.0 51.0
246.0 51.0
239.0 50.0


30

8
138.0 52.0
144.0 54.0
144.0 54.0
142.0 50.0
142.0 50.0
138.0 49.0
138.0 49.0
138.0 52.0


31

6
195.0 53.0
210.0 54.0
210.0 54.0
191.0 55.0
191.0 55.0
195.0 53.0


32

14
457.0 55.0
474.0 60.0
474.0 60.0
465.0 73.0
465.0 73.0
460.0 68.0
460.0 68.0
457.0 70.0
457.0 70.0
453.0 67.0
453.0 67.0
452.0 59.0
452.0 59.0
457.0 55.0


33

6
165.0 56.0
172.0 57.0
172.0 57.0
163.0 58.0
163.0 58.0
165.0 56.0


34

4
596.0 56.0
598.0 55.0
598.0 55.0
596.0 56.0


35

4
430.0 58.0
431.0 60.0
431.0 60.0
430.0 58.0


36

2
414.0 65.0
414.0 65.0


37

8
456.0 65.0
463.0 67.0
463.0 67.0
468.0 64.0
468.0 64.0
458.0 59.0
458.0 59.0
456.0 65.0


38

2
484.0 69.0
484.0 69.0


39

8
420.0 73.0
428.0 78.0
428.0 78.0
427.0 82.0
427.0 82.0
422.0 80.0
422.0 80.0
420.0 73.0


40

4
369.0 76.0
370.0 74.0
370.0 74.0
369.0 76.0


41

6
463.0 76.0
467.0 77.0
467.0 77.0
468.0 83.0
468.0 83.0
463.0 76.0


42

18
342.0 77.0
346.0 78.0
346.0 78.0
346.0 82.0
346.0 82.0
343.0 78.0
343.0 78.0
338.0 79.0
338.0 79.0
338.0 83.0
338.0 83.0
332.0 83.0
332.0 83.0
335.0 82.0
335.0 82.0
334.0 79.0
334.0 79.0
342.0 77.0


43

2
374.0 77.0
374.0 77.0


44

8
409.0 77.0
413.0 79.0
413.0 79.0
417.0 88.0
417.0 88.0
408.0 82.0
408.0 82.0
409.0 77.0


45

2
373.0 78.0
373.0 78.0


46

8
314.0 79.0
333.0 81.0
333.0 81.0
311.0 84.0
311.0 84.0
311.0 80.0
311.0 80.0
314.0 79.0


47

4
406.0 80.0
405.0 82.0
405.0 82.0
406.0 80.0


48

2
431.0 80.0
431.0 80.0


49

10
299.0 81.0
305.0 81.0
305.0 81.0
304.0 84.0
304.0 84.0
307.0 85.0
307.0 85.0
299.0 85.0
299.0 85.0
299.0 81.0


50

4
308.0 81.0
310.0 84.0
310.0 84.0
308.0 81.0


51

2
342.0 81.0
342.0 81.0


52

2
409.0 82.0
409.0 82.0


53

10
249.0 85.0
256.0 85.0
256.0 85.0
256.0 89.0
256.0 89.0
223.0 91.0
223.0 91.0
223.0 87.0
223.0 87.0
249.0 85.0


54

2
491.0 87.0
491.0 87.0


55

4
220.0 88.0
222.0 89.0
222.0 89.0
220.0 88.0


56

2
475.0 89.0
475.0 89.0


57

2
427.0 91.0
427.0 91.0


58

2
480.0 91.0
480.0 91.0


59

18
425.0 92.0
430.0 107.0
430.0 107.0
448.0 113.0
448.0 113.0
459.0 122.0
459.0 122.0
452.0 121.0
452.0 121.0
449.0 124.0
449.0 124.0
436.0 116.0
436.0 116.0
426.0 115.0
426.0 115.0
422.0 106.0
422.0 106.0
425.0 92.0


60

4
419.0 95.0
421.0 97.0
421.0 97.0
419.0 95.0


61

2
422.0 95.0
422.0 95.0


62

4
110.0 99.0
111.0 97.0
111.0 97.0
110.0 99.0


63

4
97.0 100.0
98.0 98.0
98.0 98.0
97.0 100.0


64

8
477.0 102.0
484.0 103.0
484.0 103.0
486.0 109.0
486.0 109.0
475.0 106.0
475.0 106.0
477.0 102.0


65

2
44.0 103.0
44.0 103.0


66

2
39.0 104.0
39.0 104.0


67

4
64.0 105.0
66.0 104.0
66.0 104.0
64.0 105.0


68

2
66.0 106.0
66.0 106.0


69

30
40.0 108.0
122.0 187.0
122.0 187.0
131.0 191.0
131.0 191.0
138.0 189.0
138.0 189.0
139.0 186.0
139.0 186.0
132.0 182.0
132.0 182.0
128.0 174.0
128.0 174.0
125.0 175.0
125.0 175.0
123.0 169.0
123.0 169.0
121.0 170.0
121.0 170.0
114.0 159.0
114.0 159.0
97.0 144.0
97.0 144.0
64.0 106.0
64.0 106.0
59.0 103.0
59.0 103.0
42.0 103.0
42.0 103.0
40.0 108.0


70

2
438.0 111.0
438.0 111.0


71

2
483.0 111.0
483.0 111.0


72

18
372.0 113.0
376.0 139.0
376.0 139.0
382.0 139.0
382.0 139.0
395.0 132.0
395.0 132.0
395.0 123.0
395.0 123.0
387.0 114.0
387.0 114.0
380.0 99.0
380.0 99.0
378.0 78.0
378.0 78.0
372.0 81.0
372.0 81.0
372.0 113.0


73

2
487.0 113.0
487.0 113.0


74

2
436.0 114.0
436.0 114.0


75

2
283.0 116.0
283.0 116.0


76

4
438.0 116.0
439.0 114.0
439.0 114.0
438.0 116.0


77

2
440.0 116.0
440.0 116.0


78

2
444.0 117.0
444.0 117.0


79

4
440.0 118.0
445.0 119.0
445.0 119.0
440.0 118.0


80

2
445.0 118.0
445.0 118.0


81

4
485.0 118.0
487.0 117.0
487.0 117.0
485.0 118.0


82

6
427.0 119.0
434.0 128.0
434.0 128.0
427.0 126.0
427.0 126.0
427.0 119.0


83

2
445.0 120.0
445.0 120.0


84

4
487.0 120.0
488.0 118.0
488.0 118.0
487.0 120.0


85

4
449.0 123.0
450.0 120.0
450.0 120.0
449.0 123.0


86

2
394.0 126.0
394.0 126.0


87

2
486.0 126.0
486.0 126.0


88

2
393.0 128.0
393.0 128.0


89

2
634.0 129.0
634.0 129.0


90

2
636.0 130.0
636.0 130.0


91

2
632.0 131.0
632.0 131.0


92

2
638.0 131.0
638.0 131.0


93

4
428.0 132.0
430.0 134.0
430.0 134.0
428.0 132.0


94

2
636.0 132.0
636.0 132.0


95

2
457.0 133.0
457.0 133.0


96

2
638.0 133.0
638.0 133.0


97

2
549.0 134.0
549.0 134.0


98

2
555.0 134.0
555.0 134.0


99

2
634.0 134.0
634.0 134.0


100

2
548.0 135.0
548.0 135.0


101

36
313.0 136.0
315.0 134.0
315.0 134.0
310.0 129.0
310.0 129.0
300.0 131.0
300.0 131.0
284.0 145.0
284.0 145.0
284.0 150.0
284.0 150.0
295.0 148.0
295.0 148.0
307.0 157.0
307.0 157.0
322.0 150.0
322.0 150.0
328.0 153.0
328.0 153.0
324.0 153.0
324.0 153.0
326.0 156.0
326.0 156.0
333.0 158.0
333.0 158.0
330.0 141.0
330.0 141.0
324.0 138.0
324.0 138.0
321.0 139.0
321.0 139.0
323.0 142.0
323.0 142.0
320.0 142.0
320.0 142.0
313.0 136.0


102

8
317.0 136.0
324.0 137.0
324.0 137.0
321.0 132.0
321.0 132.0
317.0 133.0
317.0 133.0
317.0 136.0


103

4
393.0 136.0
394.0 134.0
394.0 134.0
393.0 136.0


104

2
315.0 137.0
315.0 137.0


105

2
555.0 137.0
555.0 137.0


106

2
346.0 138.0
346.0 138.0


107

2
393.0 138.0
393.0 138.0


108

2
405.0 138.0
405.0 138.0


109

2
459.0 138.0
459.0 138.0


110

4
461.0 138.0
463.0 137.0
463.0 137.0
461.0 138.0


111

2
554.0 138.0
554.0 138.0


112

2
628.0 138.0
628.0 138.0


113

2
347.0 139.0
347.0 139.0


114

2
460.0 139.0
460.0 139.0


115

2
463.0 139.0
463.0 139.0


116

2
626.0 139.0
626.0 139.0


117

2
392.0 140.0
392.0 140.0


118

2
394.0 140.0
394.0 140.0


119

2
553.0 140.0
553.0 140.0


120

2
375.0 141.0
375.0 141.0


121

2
393.0 141.0
393.0 141.0


122

2
407.0 141.0
407.0 141.0


123

2
627.0 141.0
627.0 141.0


124

2
405.0 142.0
405.0 142.0


125

4
558.0 142.0
559.0 140.0
559.0 140.0
558.0 142.0


126

4
450.0 143.0
451.0 141.0
451.0 141.0
450.0 143.0


127

2
559.0 143.0
559.0 143.0


128

2
557.0 144.0
557.0 144.0


129

2
393.0 145.0
393.0 145.0


130

4
447.0 145.0
445.0 147.0
445.0 147.0
447.0 145.0


131

10
450.0 145.0
449.0 143.0
449.0 143.0
442.0 153.0
442.0 153.0
454.0 154.0
454.0 154.0
455.0 150.0
455.0 150.0
450.0 145.0


132

2
384.0 146.0
384.0 146.0


133

2
538.0 147.0
538.0 147.0


134

2
551.0 147.0
551.0 147.0


135

2
393.0 148.0
393.0 148.0


136

2
537.0 148.0
537.0 148.0


137

4
550.0 149.0
552.0 148.0
552.0 148.0
550.0 149.0


138

2
441.0 150.0
441.0 150.0


139

2
536.0 150.0
536.0 150.0


140

8
286.0 151.0
286.0 154.0
286.0 154.0
294.0 154.0
294.0 154.0
293.0 150.0
293.0 150.0
286.0 151.0


141

6
438.0 151.0
442.0 152.0
442.0 152.0
439.0 149.0
439.0 149.0
438.0 151.0


142

2
549.0 151.0
549.0 151.0


143

2
322.0 156.0
322.0 156.0


144

2
350.0 156.0
350.0 156.0


145

4
320.0 157.0
322.0 156.0
322.0 156.0
320.0 157.0


146

2
350.0 158.0
350.0 158.0


147

6
402.0 159.0
418.0 161.0
418.0 161.0
414.0 163.0
414.0 163.0
402.0 159.0


148

2
415.0 162.0
415.0 162.0


149

2
530.0 162.0
530.0 162.0


150

4
312.0 163.0
314.0 165.0
314.0 165.0
312.0 163.0


151

4
316.0 163.0
323.0 164.0
323.0 164.0
316.0 163.0


152

18
300.0 164.0
302.0 161.0
302.0 161.0
299.0 159.0
299.0 159.0
293.0 162.0
293.0 162.0
284.0 160.0
284.0 160.0
284.0 166.0
284.0 166.0
289.0 171.0
289.0 171.0
297.0 171.0
297.0 171.0
301.0 167.0
301.0 167.0
300.0 164.0


153

2
326.0 165.0
326.0 165.0


154

14
311.0 166.0
316.0 172.0
316.0 172.0
324.0 173.0
324.0 173.0
330.0 167.0
330.0 167.0
330.0 162.0
330.0 162.0
314.0 161.0
314.0 161.0
311.0 162.0
311.0 162.0
311.0 166.0


155

32
333.0 166.0
332.0 162.0
332.0 162.0
327.0 176.0
327.0 176.0
316.0 173.0
316.0 173.0
314.0 177.0
314.0 177.0
303.0 179.0
303.0 179.0
296.0 172.0
296.0 172.0
285.0 176.0
285.0 176.0
283.0 162.0
283.0 162.0
279.0 162.0
279.0 162.0
279.0 169.0
279.0 169.0
289.0 193.0
289.0 193.0
300.0 201.0
300.0 201.0
314.0 201.0
314.0 201.0
324.0 195.0
324.0 195.0
334.0 172.0
334.0 172.0
333.0 166.0


156

6
392.0 166.0
393.0 169.0
393.0 169.0
384.0 170.0
384.0 170.0
392.0 166.0


157

6
416.0 167.0
418.0 171.0
418.0 171.0
415.0 170.0
415.0 170.0
416.0 167.0


158

2
607.0 169.0
607.0 169.0


159

4
597.0 170.0
599.0 169.0
599.0 169.0
597.0 170.0


160

10
300.0 171.0
306.0 174.0
306.0 174.0
313.0 171.0
313.0 171.0
309.0 161.0
309.0 161.0
304.0 163.0
304.0 163.0
300.0 171.0


161

4
551.0 173.0
553.0 172.0
553.0 172.0
551.0 173.0


162

2
134.0 174.0
134.0 174.0


163

2
275.0 174.0
275.0 174.0


164

4
593.0 175.0
596.0 174.0
596.0 174.0
593.0 175.0


165

2
274.0 176.0
274.0 176.0


166

2
566.0 177.0
566.0 177.0


167

2
223.0 178.0
223.0 178.0


168

2
142.0 179.0
142.0 179.0


169

2
217.0 179.0
217.0 179.0


170

4
334.0 179.0
336.0 177.0
336.0 177.0
334.0 179.0


171

2
218.0 180.0
218.0 180.0


172

4
581.0 180.0
587.0 179.0
587.0 179.0
581.0 180.0


173

4
219.0 182.0
221.0 181.0
221.0 181.0
219.0 182.0


174

2
221.0 183.0
221.0 183.0


175

14
305.0 183.0
313.0 184.0
313.0 184.0
317.0 188.0
317.0 188.0
311.0 192.0
311.0 192.0
301.0 192.0
301.0 192.0
295.0 187.0
295.0 187.0
297.0 184.0
297.0 184.0
305.0 183.0


176

2
140.0 184.0
140.0 184.0


177

2
214.0 184.0
214.0 184.0


178

2
569.0 184.0
569.0 184.0


179

2
135.0 185.0
135.0 185.0


180

4
547.0 185.0
554.0 184.0
554.0 184.0
547.0 185.0


181

2
576.0 185.0
576.0 185.0


182

2
131.0 186.0
131.0 186.0


183

4
566.0 186.0
570.0 185.0
570.0 185.0
566.0 186.0


184

2
129.0 187.0
129.0 187.0


185

14
178.0 187.0
179.0 190.0
179.0 190.0
186.0 187.0
186.0 187.0
186.0 191.0
186.0 191.0
182.0 188.0
182.0 188.0
180.0 192.0
180.0 192.0
177.0 190.0
177.0 190.0
178.0 187.0


186

6
188.0 187.0
195.0 189.0
195.0 189.0
188.0 190.0
188.0 190.0
188.0 187.0


187

4
210.0 187.0
211.0 189.0
211.0 189.0
210.0 187.0


188

2
275.0 187.0
275.0 187.0


189

4
304.0 187.0
306.0 186.0
306.0 186.0
304.0 187.0


190

4
547.0 187.0
553.0 186.0
553.0 186.0
547.0 187.0


191

2
144.0 188.0
144.0 188.0


192

2
240.0 188.0
240.0 188.0


193

4
278.0 188.0
282.0 187.0
282.0 187.0
278.0 188.0


194

2
139.0 189.0
139.0 189.0


195

2
146.0 189.0
146.0 189.0


196

2
188.0 189.0
188.0 189.0


197

8
341.0 189.0
348.0 213.0
348.0 213.0
344.0 212.0
344.0 212.0
339.0 194.0
339.0 194.0
341.0 189.0


198

4
577.0 189.0
580.0 187.0
580.0 187.0
577.0 189.0


199

4
260.0 190.0
263.0 189.0
263.0 189.0
260.0 190.0


200

4
305.0 190.0
307.0 189.0
307.0 189.0
305.0 190.0


201

8
353.0 190.0
356.0 191.0
356.0 191.0
356.0 205.0
356.0 205.0
352.0 205.0
352.0 205.0
353.0 190.0


202

4
573.0 190.0
575.0 189.0
575.0 189.0
573.0 190.0


203

4
128.0 191.0
130.0 190.0
130.0 190.0
128.0 191.0


204

2
137.0 191.0
137.0 191.0


205

2
189.0 191.0
189.0 191.0


206

8
223.0 191.0
240.0 216.0
240.0 216.0
243.0 216.0
243.0 216.0
224.0 188.0
224.0 188.0
223.0 191.0


207

2
259.0 191.0
259.0 191.0


208

2
242.0 192.0
242.0 192.0


209

2
153.0 193.0
153.0 193.0


210

4
260.0 193.0
263.0 192.0
263.0 192.0
260.0 193.0


211

2
264.0 193.0
264.0 193.0


212

2
282.0 193.0
282.0 193.0


213

4
559.0 193.0
564.0 192.0
564.0 192.0
559.0 193.0


214

2
132.0 194.0
132.0 194.0


215

2
134.0 194.0
134.0 194.0


216

2
159.0 194.0
159.0 194.0


217

6
243.0 194.0
248.0 198.0
248.0 198.0
245.0 192.0
245.0 192.0
243.0 194.0


218

4
573.0 194.0
579.0 193.0
579.0 193.0
573.0 194.0


219

2
279.0 195.0
279.0 195.0


220

4
557.0 195.0
563.0 194.0
563.0 194.0
557.0 195.0


221

6
262.0 196.0
265.0 197.0
265.0 197.0
263.0 194.0
263.0 194.0
262.0 196.0


222

18
521.0 196.0
528.0 211.0
528.0 211.0
528.0 230.0
528.0 230.0
524.0 236.0
524.0 236.0
527.0 246.0
527.0 246.0
522.0 257.0
522.0 257.0
519.0 252.0
519.0 252.0
522.0 211.0
522.0 211.0
517.0 198.0
517.0 198.0
521.0 196.0


223

4
276.0 197.0
278.0 196.0
278.0 196.0
276.0 197.0


224

4
367.0 198.0
365.0 201.0
365.0 201.0
367.0 198.0


225

2
555.0 198.0
555.0 198.0


226

4
557.0 198.0
560.0 197.0
560.0 197.0
557.0 198.0


227

2
561.0 198.0
561.0 198.0


228

2
155.0 199.0
155.0 199.0


229

2
552.0 199.0
552.0 199.0


230

2
247.0 200.0
247.0 200.0


231

6
264.0 200.0
267.0 201.0
267.0 201.0
265.0 198.0
265.0 198.0
264.0 200.0


232

8
332.0 200.0
335.0 201.0
335.0 201.0
337.0 208.0
337.0 208.0
332.0 204.0
332.0 204.0
332.0 200.0


233

2
163.0 201.0
163.0 201.0


234

2
226.0 201.0
226.0 201.0


235

4
248.0 201.0
251.0 202.0
251.0 202.0
248.0 201.0


236

2
364.0 202.0
364.0 202.0


237

4
266.0 204.0
267.0 202.0
267.0 202.0
266.0 204.0


238

4
250.0 205.0
253.0 206.0
253.0 206.0
250.0 205.0


239

12
490.0 205.0
504.0 207.0
504.0 207.0
503.0 226.0
503.0 226.0
496.0 227.0
496.0 227.0
497.0 218.0
497.0 218.0
490.0 211.0
490.0 211.0
490.0 205.0


240

2
538.0 205.0
538.0 205.0


241

2
225.0 206.0
225.0 206.0


242

2
252.0 208.0
252.0 208.0


243

6
372.0 208.0
375.0 210.0
375.0 210.0
373.0 213.0
373.0 213.0
372.0 208.0


244

6
537.0 208.0
539.0 214.0
539.0 214.0
535.0 217.0
535.0 217.0
537.0 208.0


245

2
253.0 209.0
253.0 209.0


246

2
372.0 210.0
372.0 210.0


247

2
373.0 211.0
373.0 211.0


248

2
372.0 212.0
372.0 212.0


249

2
164.0 214.0
164.0 214.0


250

2
166.0 215.0
166.0 215.0


251

2
234.0 215.0
234.0 215.0


252

4
256.0 215.0
258.0 213.0
258.0 213.0
256.0 215.0


253

2
168.0 216.0
168.0 216.0


254

2
236.0 217.0
236.0 217.0


255

2
238.0 218.0
238.0 218.0


256

2
248.0 218.0
248.0 218.0


257

2
254.0 218.0
254.0 218.0


258

2
534.0 218.0
534.0 218.0


259

2
237.0 219.0
237.0 219.0


260

6
257.0 219.0
256.0 217.0
256.0 217.0
255.0 220.0
255.0 220.0
257.0 219.0


261

8
243.0 221.0
250.0 222.0
250.0 222.0
254.0 219.0
254.0 219.0
245.0 218.0
245.0 218.0
243.0 221.0


262

4
284.0 224.0
285.0 222.0
285.0 222.0
284.0 224.0


263

2
177.0 225.0
177.0 225.0


264

2
503.0 227.0
503.0 227.0


265

214
558.0 227.0
563.0 230.0
563.0 230.0
564.0 237.0
564.0 237.0
640.0 233.0
640.0 233.0
640.0 247.0
640.0 247.0
576.0 249.0
576.0 249.0
568.0 254.0
568.0 254.0
541.0 258.0
541.0 258.0
526.0 266.0
526.0 266.0
528.0 277.0
528.0 277.0
540.0 301.0
540.0 301.0
542.0 300.0
542.0 300.0
542.0 308.0
542.0 308.0
547.0 315.0
547.0 315.0
546.0 322.0
546.0 322.0
552.0 341.0
552.0 341.0
546.0 345.0
546.0 345.0
554.0 357.0
554.0 357.0
555.0 354.0
555.0 354.0
549.0 344.0
549.0 344.0
556.0 345.0
556.0 345.0
562.0 359.0
562.0 359.0
574.0 369.0
574.0 369.0
597.0 406.0
597.0 406.0
602.0 434.0
602.0 434.0
597.0 455.0
597.0 455.0
604.0 480.0
604.0 480.0
573.0 480.0
573.0 480.0
577.0 463.0
577.0 463.0
563.0 435.0
563.0 435.0
528.0 443.0
528.0 443.0
478.0 445.0
478.0 445.0
475.0 447.0
475.0 447.0
476.0 461.0
476.0 461.0
482.0 480.0
482.0 480.0
478.0 480.0
478.0 480.0
479.0 477.0
479.0 477.0
471.0 469.0
471.0 469.0
468.0 475.0
468.0 475.0
462.0 470.0
462.0 470.0
458.0 474.0
458.0 474.0
463.0 478.0
463.0 478.0
463.0 473.0
463.0 473.0
468.0 480.0
468.0 480.0
434.0 480.0
434.0 480.0
435.0 476.0
435.0 476.0
439.0 478.0
439.0 478.0
451.0 468.0
451.0 468.0
458.0 471.0
458.0 471.0
464.0 466.0
464.0 466.0
453.0 453.0
453.0 453.0
444.0 454.0
444.0 454.0
428.0 468.0
428.0 468.0
424.0 473.0
424.0 473.0
425.0 480.0
425.0 480.0
411.0 480.0
411.0 480.0
411.0 474.0
411.0 474.0
415.0 471.0
415.0 471.0
415.0 439.0
415.0 439.0
418.0 457.0
418.0 457.0
422.0 457.0
422.0 457.0
439.0 444.0
439.0 444.0
438.0 435.0
438.0 435.0
431.0 434.0
431.0 434.0
432.0 427.0
432.0 427.0
428.0 424.0
428.0 424.0
414.0 431.0
414.0 431.0
408.0 449.0
408.0 449.0
410.0 475.0
410.0 475.0
407.0 480.0
407.0 480.0
390.0 480.0
390.0 480.0
399.0 427.0
399.0 427.0
405.0 420.0
405.0 420.0
411.0 422.0
411.0 422.0
412.0 418.0
412.0 418.0
419.0 418.0
419.0 418.0
435.0 425.0
435.0 425.0
455.0 442.0
455.0 442.0
525.0 439.0
525.0 439.0
563.0 431.0
563.0 431.0
563.0 427.0
563.0 427.0
556.0 425.0
556.0 425.0
524.0 432.0
524.0 432.0
506.0 430.0
506.0 430.0
547.0 421.0
547.0 421.0
560.0 422.0
560.0 422.0
571.0 434.0
571.0 434.0
575.0 434.0
575.0 434.0
574.0 425.0
574.0 425.0
564.0 415.0
564.0 415.0
562.0 404.0
562.0 404.0
554.0 390.0
554.0 390.0
554.0 366.0
554.0 366.0
545.0 348.0
545.0 348.0
546.0 343.0
546.0 343.0
538.0 334.0
538.0 334.0
537.0 324.0
537.0 324.0
541.0 323.0
541.0 323.0
542.0 318.0
542.0 318.0
537.0 307.0
537.0 307.0
532.0 307.0
532.0 307.0
531.0 294.0
531.0 294.0
519.0 265.0
519.0 265.0
522.0 260.0
522.0 260.0
567.0 249.0
567.0 249.0
568.0 244.0
568.0 244.0
559.0 235.0
559.0 235.0
558.0 227.0


266

2
268.0 229.0
268.0 229.0


267

4
270.0 229.0
275.0 231.0
275.0 231.0
270.0 229.0


268

4
182.0 230.0
185.0 235.0
185.0 235.0
182.0 230.0


269

6
531.0 240.0
536.0 243.0
536.0 243.0
531.0 244.0
531.0 244.0
531.0 240.0


270

2
537.0 241.0
537.0 241.0


271

2
531.0 242.0
531.0 242.0


272

2
227.0 245.0
227.0 245.0


273

4
242.0 245.0
241.0 247.0
241.0 247.0
242.0 245.0


274

2
216.0 247.0
216.0 247.0


275

50
226.0 248.0
226.0 280.0
226.0 280.0
231.0 288.0
231.0 288.0
231.0 294.0
231.0 294.0
228.0 296.0
228.0 296.0
228.0 305.0
228.0 305.0
220.0 327.0
220.0 327.0
218.0 364.0
218.0 364.0
215.0 365.0
215.0 365.0
211.0 361.0
211.0 361.0
214.0 335.0
214.0 335.0
209.0 307.0
209.0 307.0
212.0 307.0
212.0 307.0
214.0 327.0
214.0 327.0
218.0 323.0
218.0 323.0
218.0 313.0
218.0 313.0
214.0 282.0
214.0 282.0
209.0 270.0
209.0 270.0
213.0 268.0
213.0 268.0
217.0 276.0
217.0 276.0
222.0 308.0
222.0 308.0
227.0 299.0
227.0 299.0
222.0 275.0
222.0 275.0
224.0 272.0
224.0 272.0
221.0 269.0
221.0 269.0
226.0 248.0


276

2
215.0 250.0
215.0 250.0


277

4
241.0 250.0
242.0 253.0
242.0 253.0
241.0 250.0


278

34
199.0 254.0
211.0 254.0
211.0 254.0
213.0 258.0
213.0 258.0
206.0 268.0
206.0 268.0
200.0 287.0
200.0 287.0
202.0 296.0
202.0 296.0
199.0 325.0
199.0 325.0
204.0 348.0
204.0 348.0
194.0 346.0
194.0 346.0
194.0 351.0
194.0 351.0
190.0 352.0
190.0 352.0
189.0 346.0
189.0 346.0
195.0 329.0
195.0 329.0
197.0 286.0
197.0 286.0
200.0 280.0
200.0 280.0
180.0 260.0
180.0 260.0
173.0 257.0
173.0 257.0
199.0 254.0


279

26
413.0 254.0
428.0 255.0
428.0 255.0
429.0 261.0
429.0 261.0
422.0 259.0
422.0 259.0
414.0 264.0
414.0 264.0
403.0 265.0
403.0 265.0
404.0 267.0
404.0 267.0
402.0 263.0
402.0 263.0
399.0 264.0
399.0 264.0
401.0 260.0
401.0 260.0
409.0 263.0
409.0 263.0
412.0 260.0
412.0 260.0
409.0 257.0
409.0 257.0
413.0 254.0


280

2
420.0 257.0
420.0 257.0


281

6
422.0 257.0
426.0 259.0
426.0 259.0
426.0 256.0
426.0 256.0
422.0 257.0


282

2
419.0 258.0
419.0 258.0


283

24
563.0 258.0
568.0 259.0
568.0 259.0
567.0 262.0
567.0 262.0
569.0 261.0
569.0 261.0
583.0 288.0
583.0 288.0
594.0 294.0
594.0 294.0
592.0 302.0
592.0 302.0
601.0 316.0
601.0 316.0
600.0 320.0
600.0 320.0
589.0 304.0
589.0 304.0
589.0 297.0
589.0 297.0
571.0 276.0
571.0 276.0
563.0 258.0


284

8
205.0 259.0
186.0 259.0
186.0 259.0
185.0 262.0
185.0 262.0
200.0 273.0
200.0 273.0
205.0 259.0


285

4
421.0 259.0
422.0 257.0
422.0 257.0
421.0 259.0


286

4
427.0 259.0
428.0 256.0
428.0 256.0
427.0 259.0


287

4
414.0 260.0
415.0 258.0
415.0 258.0
414.0 260.0


288

4
416.0 260.0
417.0 257.0
417.0 257.0
416.0 260.0


289

2
419.0 260.0
419.0 260.0


290

2
201.0 262.0
201.0 262.0


291

2
240.0 269.0
240.0 269.0


292

26
242.0 270.0
246.0 276.0
246.0 276.0
242.0 283.0
242.0 283.0
247.0 290.0
247.0 290.0
247.0 301.0
247.0 301.0
243.0 306.0
243.0 306.0
242.0 323.0
242.0 323.0
239.0 322.0
239.0 322.0
241.0 330.0
241.0 330.0
235.0 336.0
235.0 336.0
233.0 330.0
233.0 330.0
237.0 317.0
237.0 317.0
238.0 273.0
238.0 273.0
242.0 270.0


293

8
402.0 272.0
407.0 272.0
407.0 272.0
410.0 278.0
410.0 278.0
401.0 278.0
401.0 278.0
402.0 272.0


294

4
242.0 275.0
244.0 274.0
244.0 274.0
242.0 275.0


295

4
417.0 276.0
418.0 278.0
418.0 278.0
417.0 276.0


296

8
419.0 276.0
420.0 280.0
420.0 280.0
423.0 280.0
423.0 280.0
414.0 284.0
414.0 284.0
419.0 276.0


297

4
242.0 277.0
244.0 276.0
244.0 276.0
242.0 277.0


298

2
415.0 277.0
415.0 277.0


299

4
512.0 277.0
514.0 279.0
514.0 279.0
512.0 277.0


300

2
579.0 282.0
579.0 282.0


301

2
280.0 284.0
280.0 284.0


302

4
298.0 287.0
306.0 286.0
306.0 286.0
298.0 287.0


303

10
402.0 287.0
427.0 299.0
427.0 299.0
436.0 307.0
436.0 307.0
400.0 296.0
400.0 296.0
398.0 290.0
398.0 290.0
402.0 287.0


304

2
244.0 288.0
244.0 288.0


305

4
297.0 290.0
310.0 289.0
310.0 289.0
297.0 290.0


306

32
519.0 290.0
522.0 292.0
522.0 292.0
522.0 299.0
522.0 299.0
514.0 312.0
514.0 312.0
508.0 313.0
508.0 313.0
492.0 326.0
492.0 326.0
473.0 329.0
473.0 329.0
480.0 326.0
480.0 326.0
482.0 320.0
482.0 320.0
490.0 322.0
490.0 322.0
502.0 315.0
502.0 315.0
500.0 312.0
500.0 312.0
505.0 314.0
505.0 314.0
506.0 310.0
506.0 310.0
508.0 313.0
508.0 313.0
516.0 301.0
516.0 301.0
519.0 290.0


307

2
499.0 291.0
499.0 291.0


308

4
618.0 293.0
619.0 295.0
619.0 295.0
618.0 293.0


309

2
620.0 293.0
620.0 293.0


310

8
622.0 293.0
629.0 293.0
629.0 293.0
629.0 297.0
629.0 297.0
622.0 297.0
622.0 297.0
622.0 293.0


311

2
372.0 294.0
372.0 294.0


312

10
601.0 294.0
609.0 295.0
609.0 295.0
607.0 298.0
607.0 298.0
612.0 300.0
612.0 300.0
600.0 299.0
600.0 299.0
601.0 294.0


313

2
403.0 295.0
403.0 295.0


314

4
618.0 296.0
619.0 298.0
619.0 298.0
618.0 296.0


315

2
342.0 298.0
342.0 298.0


316

2
543.0 298.0
543.0 298.0


317

34
325.0 299.0
328.0 300.0
328.0 300.0
326.0 317.0
326.0 317.0
324.0 323.0
324.0 323.0
320.0 319.0
320.0 319.0
317.0 325.0
317.0 325.0
324.0 325.0
324.0 325.0
331.0 332.0
331.0 332.0
338.0 330.0
338.0 330.0
340.0 333.0
340.0 333.0
336.0 338.0
336.0 338.0
320.0 338.0
320.0 338.0
313.0 331.0
313.0 331.0
315.0 312.0
315.0 312.0
318.0 308.0
318.0 308.0
320.0 311.0
320.0 311.0
323.0 310.0
323.0 310.0
325.0 299.0


318

4
242.0 300.0
244.0 289.0
244.0 289.0
242.0 300.0


319

8
257.0 300.0
259.0 310.0
259.0 310.0
256.0 308.0
256.0 308.0
255.0 311.0
255.0 311.0
257.0 300.0


320

14
559.0 300.0
567.0 308.0
567.0 308.0
565.0 316.0
565.0 316.0
564.0 310.0
564.0 310.0
561.0 311.0
561.0 311.0
559.0 308.0
559.0 308.0
562.0 305.0
562.0 305.0
559.0 300.0


321

14
387.0 301.0
406.0 315.0
406.0 315.0
409.0 313.0
409.0 313.0
409.0 317.0
409.0 317.0
406.0 320.0
406.0 320.0
398.0 318.0
398.0 318.0
388.0 308.0
388.0 308.0
387.0 301.0


322

4
242.0 305.0
243.0 303.0
243.0 303.0
242.0 305.0


323

2
366.0 306.0
366.0 306.0


324

2
512.0 307.0
512.0 307.0


325

4
300.0 308.0
303.0 310.0
303.0 310.0
300.0 308.0


326

12
525.0 310.0
527.0 312.0
527.0 312.0
523.0 321.0
523.0 321.0
514.0 330.0
514.0 330.0
501.0 333.0
501.0 333.0
514.0 326.0
514.0 326.0
525.0 310.0


327

6
535.0 311.0
539.0 317.0
539.0 317.0
538.0 322.0
538.0 322.0
535.0 311.0


328

2
525.0 312.0
525.0 312.0


329

2
499.0 317.0
499.0 317.0


330

2
599.0 317.0
599.0 317.0


331

26
636.0 317.0
640.0 317.0
640.0 317.0
640.0 371.0
640.0 371.0
636.0 363.0
636.0 363.0
632.0 362.0
632.0 362.0
633.0 359.0
633.0 359.0
615.0 357.0
615.0 357.0
617.0 382.0
617.0 382.0
613.0 385.0
613.0 385.0
607.0 342.0
607.0 342.0
601.0 322.0
601.0 322.0
636.0 320.0
636.0 320.0
628.0 319.0
628.0 319.0
636.0 317.0


332

2
563.0 318.0
563.0 318.0


333

6
424.0 319.0
425.0 323.0
425.0 323.0
418.0 322.0
418.0 322.0
424.0 319.0


334

2
496.0 319.0
496.0 319.0


335

2
495.0 320.0
495.0 320.0


336

118
84.0 321.0
102.0 323.0
102.0 323.0
121.0 336.0
121.0 336.0
117.0 343.0
117.0 343.0
121.0 347.0
121.0 347.0
121.0 352.0
121.0 352.0
117.0 355.0
117.0 355.0
120.0 361.0
120.0 361.0
116.0 382.0
116.0 382.0
118.0 387.0
118.0 387.0
123.0 387.0
123.0 387.0
126.0 380.0
126.0 380.0
172.0 378.0
172.0 378.0
166.0 395.0
166.0 395.0
166.0 406.0
166.0 406.0
156.0 411.0
156.0 411.0
153.0 416.0
153.0 416.0
165.0 417.0
165.0 417.0
163.0 425.0
163.0 425.0
184.0 421.0
184.0 421.0
190.0 423.0
190.0 423.0
185.0 428.0
185.0 428.0
185.0 437.0
185.0 437.0
194.0 445.0
194.0 445.0
195.0 435.0
195.0 435.0
202.0 438.0
202.0 438.0
204.0 463.0
204.0 463.0
214.0 472.0
214.0 472.0
221.0 474.0
221.0 474.0
223.0 480.0
223.0 480.0
200.0 480.0
200.0 480.0
195.0 467.0
195.0 467.0
189.0 480.0
189.0 480.0
182.0 480.0
182.0 480.0
179.0 474.0
179.0 474.0
167.0 467.0
167.0 467.0
162.0 469.0
162.0 469.0
161.0 474.0
161.0 474.0
151.0 479.0
151.0 479.0
138.0 480.0
138.0 480.0
142.0 471.0
142.0 471.0
159.0 464.0
159.0 464.0
159.0 455.0
159.0 455.0
156.0 453.0
156.0 453.0
142.0 459.0
142.0 459.0
134.0 476.0
134.0 476.0
129.0 480.0
129.0 480.0
18.0 480.0
18.0 480.0
24.0 474.0
24.0 474.0
9.0 439.0
9.0 439.0
14.0 480.0
14.0 480.0
0.0 480.0
0.0 480.0
0.0 370.0
0.0 370.0
42.0 370.0
42.0 370.0
45.0 366.0
45.0 366.0
47.0 348.0
47.0 348.0
55.0 343.0
55.0 343.0
64.0 329.0
64.0 329.0
80.0 326.0
80.0 326.0
84.0 321.0


337

2
441.0 321.0
441.0 321.0


338

2
545.0 321.0
545.0 321.0


339

2
422.0 322.0
422.0 322.0


340

2
438.0 322.0
438.0 322.0


341

4
370.0 323.0
371.0 325.0
371.0 325.0
370.0 323.0


342

4
484.0 323.0
486.0 322.0
486.0 322.0
484.0 323.0


343

4
542.0 323.0
544.0 322.0
544.0 322.0
542.0 323.0


344

18
384.0 325.0
417.0 330.0
417.0 330.0
419.0 335.0
419.0 335.0
394.0 339.0
394.0 339.0
380.0 334.0
380.0 334.0
384.0 338.0
384.0 338.0
383.0 342.0
383.0 342.0
375.0 333.0
375.0 333.0
379.0 326.0
379.0 326.0
384.0 325.0


345

2
239.0 326.0
239.0 326.0


346

2
316.0 326.0
316.0 326.0


347

2
369.0 326.0
369.0 326.0


348

4
367.0 327.0
368.0 331.0
368.0 331.0
367.0 327.0


349

4
465.0 328.0
466.0 330.0
466.0 330.0
465.0 328.0


350

6
523.0 329.0
527.0 332.0
527.0 332.0
521.0 334.0
521.0 334.0
523.0 329.0


351

20
366.0 332.0
370.0 335.0
370.0 335.0
369.0 347.0
369.0 347.0
378.0 355.0
378.0 355.0
375.0 361.0
375.0 361.0
372.0 361.0
372.0 361.0
365.0 351.0
365.0 351.0
368.0 346.0
368.0 346.0
367.0 341.0
367.0 341.0
363.0 340.0
363.0 340.0
366.0 332.0


352

18
498.0 333.0
498.0 340.0
498.0 340.0
491.0 344.0
491.0 344.0
475.0 346.0
475.0 346.0
463.0 353.0
463.0 353.0
463.0 348.0
463.0 348.0
460.0 349.0
460.0 349.0
472.0 338.0
472.0 338.0
490.0 338.0
490.0 338.0
498.0 333.0


353

2
367.0 335.0
367.0 335.0


354

2
426.0 335.0
426.0 335.0


355

14
520.0 335.0
530.0 340.0
530.0 340.0
533.0 345.0
533.0 345.0
517.0 345.0
517.0 345.0
511.0 355.0
511.0 355.0
497.0 365.0
497.0 365.0
509.0 343.0
509.0 343.0
520.0 335.0


356

4
365.0 337.0
367.0 336.0
367.0 336.0
365.0 337.0


357

2
367.0 338.0
367.0 338.0


358

2
522.0 338.0
522.0 338.0


359

4
235.0 339.0
234.0 341.0
234.0 341.0
235.0 339.0


360

2
365.0 340.0
365.0 340.0


361

8
233.0 343.0
237.0 351.0
237.0 351.0
236.0 357.0
236.0 357.0
230.0 352.0
230.0 352.0
233.0 343.0


362

2
534.0 343.0
534.0 343.0


363

14
393.0 344.0
398.0 352.0
398.0 352.0
395.0 356.0
395.0 356.0
391.0 351.0
391.0 351.0
385.0 356.0
385.0 356.0
377.0 353.0
377.0 353.0
387.0 353.0
387.0 353.0
393.0 344.0


364

8
203.0 349.0
206.0 352.0
206.0 352.0
205.0 360.0
205.0 360.0
200.0 357.0
200.0 357.0
203.0 349.0


365

12
304.0 349.0
329.0 350.0
329.0 350.0
345.0 355.0
345.0 355.0
347.0 360.0
347.0 360.0
322.0 354.0
322.0 354.0
296.0 355.0
296.0 355.0
304.0 349.0


366

6
185.0 353.0
186.0 364.0
186.0 364.0
180.0 368.0
180.0 368.0
185.0 353.0


367

2
490.0 354.0
490.0 354.0


368

6
247.0 355.0
252.0 357.0
252.0 357.0
236.0 361.0
236.0 361.0
247.0 355.0


369

6
389.0 355.0
391.0 356.0
391.0 356.0
388.0 358.0
388.0 358.0
389.0 355.0


370

12
449.0 356.0
453.0 360.0
453.0 360.0
460.0 358.0
460.0 358.0
454.0 363.0
454.0 363.0
449.0 363.0
449.0 363.0
446.0 358.0
446.0 358.0
449.0 356.0


371

2
253.0 357.0
253.0 357.0


372

4
614.0 357.0
615.0 355.0
615.0 355.0
614.0 357.0


373

4
444.0 358.0
443.0 360.0
443.0 360.0
444.0 358.0


374

2
613.0 358.0
613.0 358.0


375

8
387.0 359.0
389.0 364.0
389.0 364.0
383.0 369.0
383.0 369.0
381.0 366.0
381.0 366.0
387.0 359.0


376

4
362.0 360.0
361.0 362.0
361.0 362.0
362.0 360.0


377

20
407.0 360.0
430.0 361.0
430.0 361.0
443.0 368.0
443.0 368.0
448.0 375.0
448.0 375.0
441.0 376.0
441.0 376.0
429.0 368.0
429.0 368.0
422.0 372.0
422.0 372.0
419.0 368.0
419.0 368.0
413.0 370.0
413.0 370.0
402.0 365.0
402.0 365.0
407.0 360.0


378

10
555.0 361.0
558.0 367.0
558.0 367.0
556.0 375.0
556.0 375.0
566.0 375.0
566.0 375.0
556.0 357.0
556.0 357.0
555.0 361.0


379

26
211.0 362.0
210.0 377.0
210.0 377.0
204.0 390.0
204.0 390.0
199.0 391.0
199.0 391.0
197.0 387.0
197.0 387.0
199.0 384.0
199.0 384.0
201.0 386.0
201.0 386.0
209.0 373.0
209.0 373.0
202.0 370.0
202.0 370.0
180.0 374.0
180.0 374.0
184.0 369.0
184.0 369.0
190.0 371.0
190.0 371.0
210.0 365.0
210.0 365.0
211.0 362.0


380

6
238.0 362.0
244.0 367.0
244.0 367.0
239.0 367.0
239.0 367.0
238.0 362.0


381

2
634.0 362.0
634.0 362.0


382

36
358.0 363.0
374.0 371.0
374.0 371.0
371.0 374.0
371.0 374.0
363.0 371.0
363.0 371.0
358.0 374.0
358.0 374.0
369.0 396.0
369.0 396.0
373.0 395.0
373.0 395.0
370.0 380.0
370.0 380.0
374.0 381.0
374.0 381.0
377.0 373.0
377.0 373.0
381.0 377.0
381.0 377.0
374.0 401.0
374.0 401.0
370.0 404.0
370.0 404.0
368.0 401.0
368.0 401.0
352.0 398.0
352.0 398.0
351.0 383.0
351.0 383.0
356.0 377.0
356.0 377.0
353.0 372.0
353.0 372.0
358.0 363.0


383

16
526.0 363.0
528.0 367.0
528.0 367.0
524.0 370.0
524.0 370.0
482.0 383.0
482.0 383.0
482.0 379.0
482.0 379.0
485.0 380.0
485.0 380.0
484.0 378.0
484.0 378.0
490.0 374.0
490.0 374.0
526.0 363.0


384

2
615.0 363.0
615.0 363.0


385

2
632.0 363.0
632.0 363.0


386

24
301.0 364.0
308.0 368.0
308.0 368.0
326.0 366.0
326.0 366.0
330.0 371.0
330.0 371.0
333.0 370.0
333.0 370.0
333.0 375.0
333.0 375.0
341.0 370.0
341.0 370.0
346.0 373.0
346.0 373.0
342.0 378.0
342.0 378.0
319.0 372.0
319.0 372.0
303.0 375.0
303.0 375.0
299.0 370.0
299.0 370.0
301.0 364.0


387

2
565.0 364.0
565.0 364.0


388

2
414.0 365.0
414.0 365.0


389

2
526.0 365.0
526.0 365.0


390

2
529.0 365.0
529.0 365.0


391

6
535.0 365.0
536.0 368.0
536.0 368.0
532.0 369.0
532.0 369.0
535.0 365.0


392

2
637.0 365.0
637.0 365.0


393

4
231.0 367.0
229.0 369.0
229.0 369.0
231.0 367.0


394

4
637.0 367.0
639.0 366.0
639.0 366.0
637.0 367.0


395

2
417.0 368.0
417.0 368.0


396

2
525.0 368.0
525.0 368.0


397

4
529.0 368.0
531.0 370.0
531.0 370.0
529.0 368.0


398

4
175.0 369.0
174.0 371.0
174.0 371.0
175.0 369.0


399

2
309.0 369.0
309.0 369.0


400

2
326.0 369.0
326.0 369.0


401

2
420.0 369.0
420.0 369.0


402

4
543.0 369.0
542.0 375.0
542.0 375.0
543.0 369.0


403

8
81.0 370.0
79.0 364.0
79.0 364.0
74.0 369.0
74.0 369.0
79.0 374.0
79.0 374.0
81.0 370.0


404

4
311.0 370.0
313.0 369.0
313.0 369.0
311.0 370.0


405

2
421.0 370.0
421.0 370.0


406

2
572.0 370.0
572.0 370.0


407

4
326.0 371.0
329.0 370.0
329.0 370.0
326.0 371.0


408

2
363.0 371.0
363.0 371.0


409

4
424.0 371.0
425.0 373.0
425.0 373.0
424.0 371.0


410

6
173.0 372.0
177.0 381.0
177.0 381.0
174.0 380.0
174.0 380.0
173.0 372.0


411

2
331.0 372.0
331.0 372.0


412

2
375.0 372.0
375.0 372.0


413

2
74.0 373.0
74.0 373.0


414

8
83.0 373.0
98.0 374.0
98.0 374.0
92.0 360.0
92.0 360.0
85.0 363.0
85.0 363.0
83.0 373.0


415

4
328.0 373.0
330.0 372.0
330.0 372.0
328.0 373.0


416

2
540.0 374.0
540.0 374.0


417

2
258.0 375.0
258.0 375.0


418

2
266.0 376.0
266.0 376.0


419

2
335.0 376.0
335.0 376.0


420

18
388.0 377.0
407.0 378.0
407.0 378.0
419.0 383.0
419.0 383.0
438.0 385.0
438.0 385.0
449.0 391.0
449.0 391.0
419.0 389.0
419.0 389.0
407.0 385.0
407.0 385.0
397.0 387.0
397.0 387.0
383.0 381.0
383.0 381.0
388.0 377.0


421

2
263.0 378.0
263.0 378.0


422

38
55.0 380.0
55.0 401.0
55.0 401.0
58.0 403.0
58.0 403.0
63.0 402.0
63.0 402.0
66.0 392.0
66.0 392.0
82.0 392.0
82.0 392.0
83.0 389.0
83.0 389.0
86.0 389.0
86.0 389.0
86.0 392.0
86.0 392.0
97.0 392.0
97.0 392.0
99.0 389.0
99.0 389.0
99.0 384.0
99.0 384.0
87.0 384.0
87.0 384.0
86.0 388.0
86.0 388.0
82.0 388.0
82.0 388.0
83.0 381.0
83.0 381.0
79.0 379.0
79.0 379.0
72.0 383.0
72.0 383.0
61.0 379.0
61.0 379.0
55.0 380.0


423

4
258.0 380.0
260.0 378.0
260.0 378.0
258.0 380.0


424

2
263.0 382.0
263.0 382.0


425

2
196.0 385.0
196.0 385.0


426

22
631.0 385.0
640.0 385.0
640.0 385.0
640.0 393.0
640.0 393.0
629.0 395.0
629.0 395.0
632.0 401.0
632.0 401.0
640.0 401.0
640.0 401.0
640.0 468.0
640.0 468.0
628.0 446.0
628.0 446.0
628.0 436.0
628.0 436.0
616.0 397.0
616.0 397.0
616.0 387.0
616.0 387.0
631.0 385.0


427

2
195.0 387.0
195.0 387.0


428

2
348.0 387.0
348.0 387.0


429

4
50.0 388.0
51.0 383.0
51.0 383.0
50.0 388.0


430

2
202.0 388.0
202.0 388.0


431

2
199.0 389.0
199.0 389.0


432

28
382.0 391.0
396.0 395.0
396.0 395.0
405.0 403.0
405.0 403.0
412.0 399.0
412.0 399.0
425.0 399.0
425.0 399.0
427.0 408.0
427.0 408.0
434.0 415.0
434.0 415.0
433.0 418.0
433.0 418.0
428.0 417.0
428.0 417.0
419.0 406.0
419.0 406.0
408.0 408.0
408.0 408.0
398.0 405.0
398.0 405.0
393.0 397.0
393.0 397.0
381.0 395.0
381.0 395.0
382.0 391.0


433

2
199.0 392.0
199.0 392.0


434

14
196.0 393.0
199.0 395.0
199.0 395.0
197.0 394.0
197.0 394.0
197.0 398.0
197.0 398.0
195.0 396.0
195.0 396.0
195.0 402.0
195.0 402.0
192.0 403.0
192.0 403.0
196.0 393.0


435

20
461.0 394.0
536.0 396.0
536.0 396.0
538.0 401.0
538.0 401.0
491.0 403.0
491.0 403.0
488.0 400.0
488.0 400.0
480.0 400.0
480.0 400.0
436.0 404.0
436.0 404.0
427.0 400.0
427.0 400.0
442.0 396.0
442.0 396.0
456.0 397.0
456.0 397.0
461.0 394.0


436

2
246.0 396.0
246.0 396.0


437

4
170.0 402.0
167.0 406.0
167.0 406.0
170.0 402.0


438

6
553.0 402.0
556.0 407.0
556.0 407.0
552.0 406.0
552.0 406.0
553.0 402.0


439

2
362.0 403.0
362.0 403.0


440

28
346.0 404.0
347.0 394.0
347.0 394.0
343.0 395.0
343.0 395.0
329.0 412.0
329.0 412.0
326.0 419.0
326.0 419.0
332.0 416.0
332.0 416.0
333.0 418.0
333.0 418.0
326.0 430.0
326.0 430.0
314.0 424.0
314.0 424.0
328.0 444.0
328.0 444.0
331.0 462.0
331.0 462.0
336.0 434.0
336.0 434.0
343.0 426.0
343.0 426.0
341.0 411.0
341.0 411.0
346.0 404.0


441

12
196.0 405.0
212.0 408.0
212.0 408.0
184.0 420.0
184.0 420.0
175.0 419.0
175.0 419.0
176.0 415.0
176.0 415.0
193.0 411.0
193.0 411.0
196.0 405.0


442

2
265.0 406.0
265.0 406.0


443

10
221.0 409.0
226.0 409.0
226.0 409.0
227.0 412.0
227.0 412.0
212.0 414.0
212.0 414.0
213.0 410.0
213.0 410.0
221.0 409.0


444

2
354.0 411.0
354.0 411.0


445

4
359.0 412.0
363.0 413.0
363.0 413.0
359.0 412.0


446

6
401.0 412.0
410.0 416.0
410.0 416.0
402.0 415.0
402.0 415.0
401.0 412.0


447

2
359.0 414.0
359.0 414.0


448

40
77.0 415.0
75.0 412.0
75.0 412.0
58.0 416.0
58.0 416.0
46.0 414.0
46.0 414.0
38.0 423.0
38.0 423.0
44.0 441.0
44.0 441.0
50.0 444.0
50.0 444.0
67.0 436.0
67.0 436.0
88.0 431.0
88.0 431.0
90.0 426.0
90.0 426.0
87.0 425.0
87.0 425.0
55.0 435.0
55.0 435.0
56.0 432.0
56.0 432.0
88.0 421.0
88.0 421.0
86.0 417.0
86.0 417.0
80.0 416.0
80.0 416.0
61.0 426.0
61.0 426.0
45.0 429.0
45.0 429.0
48.0 424.0
48.0 424.0
62.0 422.0
62.0 422.0
77.0 415.0


449

16
444.0 415.0
452.0 415.0
452.0 415.0
457.0 419.0
457.0 419.0
451.0 422.0
451.0 422.0
436.0 420.0
436.0 420.0
438.0 416.0
438.0 416.0
441.0 419.0
441.0 419.0
445.0 418.0
445.0 418.0
444.0 415.0


450

2
453.0 415.0
453.0 415.0


451

2
330.0 416.0
330.0 416.0


452

2
440.0 416.0
440.0 416.0


453

4
168.0 418.0
170.0 419.0
170.0 419.0
168.0 418.0


454

10
203.0 418.0
210.0 421.0
210.0 421.0
209.0 428.0
209.0 428.0
197.0 424.0
197.0 424.0
204.0 420.0
204.0 420.0
203.0 418.0


455

2
438.0 419.0
438.0 419.0


456

2
412.0 421.0
412.0 421.0


457

2
409.0 423.0
409.0 423.0


458

6
159.0 424.0
143.0 441.0
143.0 441.0
154.0 434.0
154.0 434.0
159.0 424.0


459

2
215.0 427.0
215.0 427.0


460

4
492.0 427.0
494.0 428.0
494.0 428.0
492.0 427.0


461

2
466.0 428.0
466.0 428.0


462

2
207.0 429.0
207.0 429.0


463

2
503.0 430.0
503.0 430.0


464

2
166.0 431.0
166.0 431.0


465

6
206.0 431.0
209.0 431.0
209.0 431.0
208.0 437.0
208.0 437.0
206.0 431.0


466

4
53.0 434.0
54.0 436.0
54.0 436.0
53.0 434.0


467

16
85.0 437.0
87.0 435.0
87.0 435.0
84.0 434.0
84.0 434.0
64.0 443.0
64.0 443.0
51.0 445.0
51.0 445.0
51.0 448.0
51.0 448.0
56.0 450.0
56.0 450.0
67.0 447.0
67.0 447.0
85.0 437.0


468

8
169.0 437.0
176.0 439.0
176.0 439.0
177.0 435.0
177.0 435.0
172.0 434.0
172.0 434.0
169.0 437.0


469

20
349.0 438.0
350.0 456.0
350.0 456.0
344.0 474.0
344.0 474.0
350.0 473.0
350.0 473.0
352.0 454.0
352.0 454.0
364.0 440.0
364.0 440.0
362.0 415.0
362.0 415.0
359.0 415.0
359.0 415.0
358.0 423.0
358.0 423.0
352.0 427.0
352.0 427.0
349.0 438.0


470

2
7.0 439.0
7.0 439.0


471

2
142.0 442.0
142.0 442.0


472

10
157.0 443.0
158.0 440.0
158.0 440.0
154.0 437.0
154.0 437.0
140.0 450.0
140.0 450.0
156.0 446.0
156.0 446.0
157.0 443.0


473

4
140.0 444.0
142.0 442.0
142.0 442.0
140.0 444.0


474

14
161.0 444.0
192.0 467.0
192.0 467.0
190.0 460.0
190.0 460.0
185.0 458.0
185.0 458.0
179.0 449.0
179.0 449.0
166.0 441.0
166.0 441.0
162.0 441.0
162.0 441.0
161.0 444.0


475

2
50.0 445.0
50.0 445.0


476

2
139.0 445.0
139.0 445.0


477

4
372.0 445.0
369.0 448.0
369.0 448.0
372.0 445.0


478

6
194.0 447.0
199.0 448.0
199.0 448.0
199.0 445.0
199.0 445.0
194.0 447.0


479

6
275.0 449.0
278.0 450.0
278.0 450.0
277.0 447.0
277.0 447.0
275.0 449.0


480

14
472.0 449.0
474.0 447.0
474.0 447.0
462.0 446.0
462.0 446.0
460.0 453.0
460.0 453.0
467.0 458.0
467.0 458.0
473.0 469.0
473.0 469.0
475.0 462.0
475.0 462.0
472.0 449.0


481

2
243.0 451.0
243.0 451.0


482

2
529.0 453.0
529.0 453.0


483

6
532.0 453.0
543.0 456.0
543.0 456.0
531.0 455.0
531.0 455.0
532.0 453.0


484

6
244.0 454.0
247.0 456.0
247.0 456.0
246.0 451.0
246.0 451.0
244.0 454.0


485

2
547.0 455.0
547.0 455.0


486

12
551.0 456.0
559.0 461.0
559.0 461.0
555.0 461.0
555.0 461.0
554.0 464.0
554.0 464.0
555.0 460.0
555.0 460.0
549.0 459.0
549.0 459.0
551.0 456.0


487

4
546.0 457.0
548.0 458.0
548.0 458.0
546.0 457.0


488

2
560.0 461.0
560.0 461.0


489

6
239.0 462.0
243.0 477.0
243.0 477.0
238.0 475.0
238.0 475.0
239.0 462.0


490

2
552.0 462.0
552.0 462.0


491

2
557.0 462.0
557.0 462.0


492

10
565.0 465.0
569.0 467.0
569.0 467.0
567.0 471.0
567.0 471.0
562.0 469.0
562.0 469.0
567.0 468.0
567.0 468.0
565.0 465.0


493

6
128.0 466.0
130.0 462.0
130.0 462.0
123.0 473.0
123.0 473.0
128.0 466.0


494

2
445.0 466.0
445.0 466.0


495

6
540.0 470.0
544.0 472.0
544.0 472.0
541.0 473.0
541.0 473.0
540.0 470.0


496

6
620.0 471.0
624.0 480.0
624.0 480.0
617.0 480.0
617.0 480.0
620.0 471.0


497

2
545.0 472.0
545.0 472.0


498

2
539.0 473.0
539.0 473.0


499

2
541.0 474.0
541.0 474.0


500

2
123.0 475.0
123.0 475.0


501

8
168.0 475.0
174.0 480.0
174.0 480.0
164.0 480.0
164.0 480.0
163.0 476.0
163.0 476.0
168.0 475.0


502

2
543.0 475.0
543.0 475.0


503

6
225.0 476.0
229.0 480.0
229.0 480.0
226.0 480.0
226.0 480.0
225.0 476.0


504

2
241.0 478.0
241.0 478.0


505

6
556.0 478.0
561.0 480.0
561.0 480.0
555.0 480.0
555.0 480.0
556.0 478.0


506

2
437.0 479.0
437.0 479.0


