1

8
7.0 6.0
74.0 6.0
74.0 6.0
74.0 41.0
74.0 41.0
6.0 41.0
6.0 41.0
7.0 6.0


2

90
773.0 398.0
807.0 408.0
807.0 408.0
856.0 450.0
856.0 450.0
901.0 525.0
901.0 525.0
903.0 578.0
903.0 578.0
921.0 586.0
921.0 586.0
903.0 601.0
903.0 601.0
878.0 509.0
878.0 509.0
835.0 472.0
835.0 472.0
777.0 475.0
777.0 475.0
722.0 528.0
722.0 528.0
771.0 549.0
771.0 549.0
793.0 579.0
793.0 579.0
806.0 662.0
806.0 662.0
791.0 696.0
791.0 696.0
864.0 711.0
864.0 711.0
824.0 707.0
824.0 707.0
809.0 720.0
809.0 720.0
0.0 720.0
0.0 720.0
0.0 684.0
0.0 684.0
43.0 705.0
43.0 705.0
120.0 705.0
120.0 705.0
156.0 692.0
156.0 692.0
183.0 700.0
183.0 700.0
295.0 670.0
295.0 670.0
291.0 682.0
291.0 682.0
358.0 676.0
358.0 676.0
372.0 697.0
372.0 697.0
387.0 688.0
387.0 688.0
416.0 702.0
416.0 702.0
519.0 686.0
519.0 686.0
573.0 633.0
573.0 633.0
573.0 617.0
573.0 617.0
586.0 615.0
586.0 615.0
590.0 584.0
590.0 584.0
607.0 574.0
607.0 574.0
599.0 566.0
599.0 566.0
619.0 551.0
619.0 551.0
612.0 534.0
612.0 534.0
634.0 492.0
634.0 492.0
622.0 489.0
622.0 489.0
638.0 487.0
638.0 487.0
630.0 484.0
630.0 484.0
651.0 460.0
651.0 460.0
644.0 456.0
644.0 456.0
773.0 398.0


3

2
679.0 438.0
679.0 438.0


4

2
676.0 445.0
676.0 445.0


5

2
631.0 480.0
631.0 480.0


6

4
862.0 491.0
871.0 499.0
871.0 499.0
862.0 491.0


7

2
747.0 494.0
747.0 494.0


8

2
725.0 529.0
725.0 529.0


9

10
847.0 537.0
871.0 539.0
871.0 539.0
888.0 560.0
888.0 560.0
873.0 550.0
873.0 550.0
814.0 557.0
814.0 557.0
847.0 537.0


10

2
612.0 544.0
612.0 544.0


11

2
614.0 546.0
614.0 546.0


12

2
610.0 552.0
610.0 552.0


13

4
970.0 553.0
973.0 592.0
973.0 592.0
970.0 553.0


14

2
607.0 555.0
607.0 555.0


15

2
610.0 557.0
610.0 557.0


16

2
606.0 565.0
606.0 565.0


17

4
718.0 567.0
744.0 564.0
744.0 564.0
718.0 567.0


18

14
840.0 567.0
882.0 590.0
882.0 590.0
864.0 582.0
864.0 582.0
858.0 594.0
858.0 594.0
874.0 592.0
874.0 592.0
852.0 597.0
852.0 597.0
827.0 588.0
827.0 588.0
840.0 567.0


19

2
599.0 569.0
599.0 569.0


20

2
590.0 574.0
590.0 574.0


21

2
595.0 576.0
595.0 576.0


22

2
857.0 582.0
857.0 582.0


23

4
836.0 583.0
843.0 587.0
843.0 587.0
836.0 583.0


24

2
594.0 591.0
594.0 591.0


25

2
581.0 595.0
581.0 595.0


26

6
911.0 602.0
924.0 628.0
924.0 628.0
915.0 684.0
915.0 684.0
911.0 602.0


27

2
584.0 606.0
584.0 606.0


28

2
973.0 612.0
973.0 612.0


29

4
972.0 619.0
973.0 640.0
973.0 640.0
972.0 619.0


30

12
754.0 623.0
701.0 621.0
701.0 621.0
697.0 631.0
697.0 631.0
719.0 656.0
719.0 656.0
736.0 657.0
736.0 657.0
750.0 648.0
750.0 648.0
754.0 623.0


31

2
574.0 624.0
574.0 624.0


32

2
568.0 626.0
568.0 626.0


33

2
557.0 639.0
557.0 639.0


34

2
822.0 647.0
822.0 647.0


35

2
748.0 654.0
748.0 654.0


36

2
752.0 658.0
752.0 658.0


37

2
522.0 664.0
522.0 664.0


38

2
539.0 664.0
539.0 664.0


39

2
960.0 666.0
960.0 666.0


40

2
958.0 669.0
958.0 669.0


41

2
311.0 675.0
311.0 675.0


42

2
290.0 676.0
290.0 676.0


43

2
295.0 676.0
295.0 676.0


44

2
530.0 676.0
530.0 676.0


45

2
954.0 678.0
954.0 678.0


46

2
269.0 680.0
269.0 680.0


47

2
279.0 680.0
279.0 680.0


48

2
356.0 680.0
356.0 680.0


49

2
528.0 680.0
528.0 680.0


50

2
368.0 684.0
368.0 684.0


51

2
287.0 686.0
287.0 686.0


52

2
374.0 686.0
374.0 686.0


53

2
519.0 689.0
519.0 689.0


54

2
513.0 690.0
513.0 690.0


55

2
498.0 692.0
498.0 692.0


56

2
174.0 693.0
174.0 693.0


57

2
135.0 695.0
135.0 695.0


58

2
100.0 696.0
100.0 696.0


59

2
388.0 697.0
388.0 697.0


60

2
474.0 697.0
474.0 697.0


61

2
484.0 697.0
484.0 697.0


62

2
790.0 697.0
790.0 697.0


63

2
109.0 698.0
109.0 698.0


64

2
119.0 698.0
119.0 698.0


65

4
143.0 698.0
151.0 696.0
151.0 696.0
143.0 698.0


66

2
487.0 698.0
487.0 698.0


67

2
3.0 699.0
3.0 699.0


68

2
7.0 699.0
7.0 699.0


69

2
18.0 699.0
18.0 699.0


70

2
189.0 699.0
189.0 699.0


71

2
53.0 700.0
53.0 700.0


72

2
447.0 700.0
447.0 700.0


73

4
947.0 702.0
939.0 720.0
939.0 720.0
947.0 702.0


74

6
914.0 703.0
923.0 720.0
923.0 720.0
912.0 719.0
912.0 719.0
914.0 703.0


75

2
8.0 704.0
8.0 704.0


76

2
34.0 704.0
34.0 704.0


77

2
80.0 704.0
80.0 704.0


78

2
90.0 704.0
90.0 704.0


79

2
39.0 705.0
39.0 705.0


80

2
82.0 705.0
82.0 705.0


81

2
88.0 705.0
88.0 705.0


82

2
39.0 712.0
39.0 712.0


