1

8
14.0 0.0
20.0 0.0
20.0 0.0
23.0 6.0
23.0 6.0
17.0 6.0
17.0 6.0
14.0 0.0


2

8
92.0 0.0
98.0 0.0
98.0 0.0
101.0 6.0
101.0 6.0
95.0 6.0
95.0 6.0
92.0 0.0


3

10
247.0 0.0
254.0 1.0
254.0 1.0
250.0 4.0
250.0 4.0
250.0 2.0
250.0 2.0
248.0 2.0
248.0 2.0
247.0 0.0


4

158
277.0 0.0
290.0 1.0
290.0 1.0
283.0 4.0
283.0 4.0
266.0 7.0
266.0 7.0
254.0 12.0
254.0 12.0
254.0 14.0
254.0 14.0
259.0 14.0
259.0 14.0
262.0 20.0
262.0 20.0
263.0 26.0
263.0 26.0
267.0 33.0
267.0 33.0
267.0 35.0
267.0 35.0
265.0 36.0
265.0 36.0
262.0 36.0
262.0 36.0
253.0 14.0
253.0 14.0
251.0 12.0
251.0 12.0
247.0 12.0
247.0 12.0
244.0 14.0
244.0 14.0
226.0 17.0
226.0 17.0
223.0 19.0
223.0 19.0
214.0 20.0
214.0 20.0
207.0 23.0
207.0 23.0
202.0 23.0
202.0 23.0
191.0 27.0
191.0 27.0
186.0 27.0
186.0 27.0
162.0 33.0
162.0 33.0
159.0 35.0
159.0 35.0
130.0 41.0
130.0 41.0
128.0 44.0
128.0 44.0
124.0 44.0
124.0 44.0
124.0 46.0
124.0 46.0
126.0 47.0
126.0 47.0
129.0 46.0
129.0 46.0
129.0 48.0
129.0 48.0
133.0 51.0
133.0 51.0
133.0 53.0
133.0 53.0
135.0 54.0
135.0 54.0
139.0 62.0
139.0 62.0
142.0 64.0
142.0 64.0
146.0 72.0
146.0 72.0
156.0 83.0
156.0 83.0
156.0 86.0
156.0 86.0
160.0 88.0
160.0 88.0
160.0 96.0
160.0 96.0
158.0 96.0
158.0 96.0
154.0 92.0
154.0 92.0
154.0 90.0
154.0 90.0
152.0 89.0
152.0 89.0
148.0 81.0
148.0 81.0
145.0 79.0
145.0 79.0
145.0 77.0
145.0 77.0
142.0 75.0
142.0 75.0
142.0 73.0
142.0 73.0
140.0 72.0
140.0 72.0
136.0 64.0
136.0 64.0
133.0 62.0
133.0 62.0
131.0 57.0
131.0 57.0
128.0 55.0
128.0 55.0
124.0 47.0
124.0 47.0
120.0 44.0
120.0 44.0
115.0 45.0
115.0 45.0
115.0 40.0
115.0 40.0
123.0 37.0
123.0 37.0
148.0 32.0
148.0 32.0
159.0 28.0
159.0 28.0
164.0 28.0
164.0 28.0
171.0 25.0
171.0 25.0
184.0 23.0
184.0 23.0
187.0 21.0
187.0 21.0
200.0 19.0
200.0 19.0
203.0 17.0
203.0 17.0
221.0 14.0
221.0 14.0
224.0 12.0
224.0 12.0
237.0 10.0
237.0 10.0
248.0 6.0
248.0 6.0
251.0 7.0
251.0 7.0
260.0 3.0
260.0 3.0
266.0 3.0
266.0 3.0
269.0 1.0
269.0 1.0
273.0 2.0
273.0 2.0
277.0 0.0


5

2032
402.0 0.0
408.0 0.0
408.0 0.0
412.0 42.0
412.0 42.0
414.0 46.0
414.0 46.0
420.0 105.0
420.0 105.0
422.0 111.0
422.0 111.0
422.0 120.0
422.0 120.0
427.0 150.0
427.0 150.0
427.0 159.0
427.0 159.0
430.0 162.0
430.0 162.0
492.0 152.0
492.0 152.0
502.0 149.0
502.0 149.0
521.0 147.0
521.0 147.0
525.0 145.0
525.0 145.0
532.0 145.0
532.0 145.0
535.0 142.0
535.0 142.0
539.0 105.0
539.0 105.0
542.0 94.0
542.0 94.0
542.0 85.0
542.0 85.0
546.0 64.0
546.0 64.0
547.0 47.0
547.0 47.0
550.0 36.0
550.0 36.0
553.0 1.0
553.0 1.0
560.0 0.0
560.0 0.0
558.0 20.0
558.0 20.0
555.0 32.0
555.0 32.0
554.0 49.0
554.0 49.0
551.0 61.0
551.0 61.0
550.0 77.0
550.0 77.0
548.0 82.0
548.0 82.0
546.0 104.0
546.0 104.0
544.0 109.0
544.0 109.0
543.0 125.0
543.0 125.0
540.0 136.0
540.0 136.0
540.0 141.0
540.0 141.0
543.0 143.0
543.0 143.0
543.0 145.0
543.0 145.0
538.0 150.0
538.0 150.0
538.0 158.0
538.0 158.0
536.0 162.0
536.0 162.0
535.0 176.0
535.0 176.0
532.0 187.0
532.0 187.0
531.0 202.0
531.0 202.0
528.0 212.0
528.0 212.0
526.0 228.0
526.0 228.0
527.0 239.0
527.0 239.0
525.0 238.0
525.0 238.0
525.0 240.0
525.0 240.0
527.0 242.0
527.0 242.0
525.0 245.0
525.0 245.0
527.0 247.0
527.0 247.0
538.0 247.0
538.0 247.0
535.0 249.0
535.0 249.0
533.0 248.0
533.0 248.0
533.0 250.0
533.0 250.0
535.0 251.0
535.0 251.0
532.0 250.0
532.0 250.0
532.0 253.0
532.0 253.0
530.0 252.0
530.0 252.0
532.0 266.0
532.0 266.0
536.0 269.0
536.0 269.0
536.0 273.0
536.0 273.0
532.0 275.0
532.0 275.0
530.0 282.0
530.0 282.0
522.0 282.0
522.0 282.0
522.0 289.0
522.0 289.0
520.0 289.0
520.0 289.0
515.0 295.0
515.0 295.0
515.0 297.0
515.0 297.0
518.0 297.0
518.0 297.0
516.0 297.0
516.0 297.0
515.0 300.0
515.0 300.0
513.0 299.0
513.0 299.0
515.0 298.0
515.0 298.0
514.0 296.0
514.0 296.0
511.0 297.0
511.0 297.0
512.0 293.0
512.0 293.0
510.0 290.0
510.0 290.0
510.0 286.0
510.0 286.0
504.0 286.0
504.0 286.0
504.0 280.0
504.0 280.0
502.0 280.0
502.0 280.0
504.0 274.0
504.0 274.0
509.0 274.0
509.0 274.0
511.0 273.0
511.0 273.0
511.0 271.0
511.0 271.0
513.0 272.0
513.0 272.0
512.0 264.0
512.0 264.0
514.0 262.0
514.0 262.0
513.0 260.0
513.0 260.0
516.0 257.0
516.0 257.0
514.0 255.0
514.0 255.0
515.0 253.0
515.0 253.0
512.0 254.0
512.0 254.0
512.0 251.0
512.0 251.0
508.0 253.0
508.0 253.0
503.0 253.0
503.0 253.0
503.0 256.0
503.0 256.0
501.0 254.0
501.0 254.0
498.0 256.0
498.0 256.0
485.0 255.0
485.0 255.0
484.0 257.0
484.0 257.0
479.0 256.0
479.0 256.0
480.0 258.0
480.0 258.0
475.0 257.0
475.0 257.0
477.0 261.0
477.0 261.0
475.0 260.0
475.0 260.0
475.0 258.0
475.0 258.0
472.0 260.0
472.0 260.0
475.0 261.0
475.0 261.0
479.0 268.0
479.0 268.0
481.0 267.0
481.0 267.0
481.0 270.0
481.0 270.0
483.0 269.0
483.0 269.0
482.0 272.0
482.0 272.0
484.0 270.0
484.0 270.0
487.0 270.0
487.0 270.0
485.0 268.0
485.0 268.0
488.0 269.0
488.0 269.0
488.0 272.0
488.0 272.0
484.0 271.0
484.0 271.0
485.0 273.0
485.0 273.0
488.0 274.0
488.0 274.0
488.0 276.0
488.0 276.0
485.0 274.0
485.0 274.0
488.0 280.0
488.0 280.0
492.0 284.0
492.0 284.0
494.0 281.0
494.0 281.0
496.0 282.0
496.0 282.0
494.0 282.0
494.0 282.0
493.0 285.0
493.0 285.0
495.0 286.0
495.0 286.0
495.0 289.0
495.0 289.0
497.0 291.0
497.0 291.0
499.0 290.0
499.0 290.0
499.0 293.0
499.0 293.0
501.0 292.0
501.0 292.0
500.0 294.0
500.0 294.0
504.0 298.0
504.0 298.0
502.0 298.0
502.0 298.0
502.0 300.0
502.0 300.0
498.0 299.0
498.0 299.0
485.0 286.0
485.0 286.0
484.0 282.0
484.0 282.0
482.0 281.0
482.0 281.0
478.0 273.0
478.0 273.0
471.0 267.0
471.0 267.0
471.0 265.0
471.0 265.0
446.0 243.0
446.0 243.0
446.0 241.0
446.0 241.0
441.0 237.0
441.0 237.0
441.0 233.0
441.0 233.0
432.0 225.0
432.0 225.0
427.0 215.0
427.0 215.0
421.0 209.0
421.0 209.0
403.0 200.0
403.0 200.0
398.0 194.0
398.0 194.0
392.0 195.0
392.0 195.0
394.0 201.0
394.0 201.0
396.0 201.0
396.0 201.0
394.0 206.0
394.0 206.0
396.0 206.0
396.0 206.0
398.0 209.0
398.0 209.0
406.0 208.0
406.0 208.0
412.0 210.0
412.0 210.0
412.0 214.0
412.0 214.0
410.0 217.0
410.0 217.0
411.0 223.0
411.0 223.0
409.0 222.0
409.0 222.0
409.0 224.0
409.0 224.0
402.0 225.0
402.0 225.0
399.0 229.0
399.0 229.0
410.0 229.0
410.0 229.0
414.0 232.0
414.0 232.0
417.0 238.0
417.0 238.0
424.0 238.0
424.0 238.0
424.0 235.0
424.0 235.0
421.0 232.0
421.0 232.0
422.0 224.0
422.0 224.0
420.0 225.0
420.0 225.0
419.0 223.0
419.0 223.0
419.0 219.0
419.0 219.0
423.0 218.0
423.0 218.0
425.0 225.0
425.0 225.0
427.0 225.0
427.0 225.0
427.0 228.0
427.0 228.0
430.0 229.0
430.0 229.0
431.0 233.0
431.0 233.0
434.0 236.0
434.0 236.0
436.0 247.0
436.0 247.0
440.0 250.0
440.0 250.0
443.0 249.0
443.0 249.0
446.0 254.0
446.0 254.0
444.0 256.0
444.0 256.0
440.0 256.0
440.0 256.0
437.0 253.0
437.0 253.0
428.0 254.0
428.0 254.0
427.0 252.0
427.0 252.0
424.0 252.0
424.0 252.0
424.0 254.0
424.0 254.0
427.0 254.0
427.0 254.0
428.0 257.0
428.0 257.0
435.0 259.0
435.0 259.0
437.0 263.0
437.0 263.0
434.0 266.0
434.0 266.0
415.0 266.0
415.0 266.0
414.0 264.0
414.0 264.0
407.0 264.0
407.0 264.0
404.0 265.0
404.0 265.0
401.0 269.0
401.0 269.0
399.0 269.0
399.0 269.0
399.0 271.0
399.0 271.0
397.0 270.0
397.0 270.0
398.0 268.0
398.0 268.0
395.0 263.0
395.0 263.0
383.0 263.0
383.0 263.0
378.0 258.0
378.0 258.0
378.0 255.0
378.0 255.0
375.0 261.0
375.0 261.0
375.0 265.0
375.0 265.0
378.0 267.0
378.0 267.0
378.0 269.0
378.0 269.0
381.0 270.0
381.0 270.0
382.0 272.0
382.0 272.0
383.0 270.0
383.0 270.0
386.0 272.0
386.0 272.0
390.0 280.0
390.0 280.0
390.0 286.0
390.0 286.0
392.0 286.0
392.0 286.0
395.0 290.0
395.0 290.0
399.0 289.0
399.0 289.0
400.0 283.0
400.0 283.0
407.0 284.0
407.0 284.0
409.0 286.0
409.0 286.0
409.0 289.0
409.0 289.0
407.0 290.0
407.0 290.0
407.0 293.0
407.0 293.0
404.0 297.0
404.0 297.0
404.0 303.0
404.0 303.0
409.0 303.0
409.0 303.0
409.0 305.0
409.0 305.0
416.0 304.0
416.0 304.0
416.0 307.0
416.0 307.0
420.0 311.0
420.0 311.0
426.0 311.0
426.0 311.0
431.0 309.0
431.0 309.0
430.0 311.0
430.0 311.0
432.0 312.0
432.0 312.0
432.0 314.0
432.0 314.0
428.0 318.0
428.0 318.0
428.0 322.0
428.0 322.0
430.0 323.0
430.0 323.0
432.0 328.0
432.0 328.0
436.0 329.0
436.0 329.0
439.0 332.0
439.0 332.0
449.0 334.0
449.0 334.0
451.0 332.0
451.0 332.0
449.0 327.0
449.0 327.0
452.0 323.0
452.0 323.0
452.0 326.0
452.0 326.0
455.0 328.0
455.0 328.0
454.0 330.0
454.0 330.0
456.0 330.0
456.0 330.0
456.0 333.0
456.0 333.0
458.0 335.0
458.0 335.0
474.0 337.0
474.0 337.0
471.0 338.0
471.0 338.0
471.0 341.0
471.0 341.0
468.0 344.0
468.0 344.0
452.0 347.0
452.0 347.0
451.0 349.0
451.0 349.0
447.0 349.0
447.0 349.0
444.0 353.0
444.0 353.0
447.0 356.0
447.0 356.0
452.0 355.0
452.0 355.0
455.0 357.0
455.0 357.0
454.0 360.0
454.0 360.0
451.0 360.0
451.0 360.0
454.0 366.0
454.0 366.0
454.0 370.0
454.0 370.0
455.0 372.0
455.0 372.0
458.0 373.0
458.0 373.0
462.0 373.0
462.0 373.0
461.0 370.0
461.0 370.0
463.0 370.0
463.0 370.0
467.0 374.0
467.0 374.0
467.0 376.0
467.0 376.0
464.0 376.0
464.0 376.0
464.0 379.0
464.0 379.0
468.0 384.0
468.0 384.0
474.0 387.0
474.0 387.0
473.0 394.0
473.0 394.0
478.0 395.0
478.0 395.0
477.0 392.0
477.0 392.0
482.0 393.0
482.0 393.0
483.0 404.0
483.0 404.0
485.0 405.0
485.0 405.0
488.0 414.0
488.0 414.0
490.0 414.0
490.0 414.0
492.0 419.0
492.0 419.0
497.0 424.0
497.0 424.0
498.0 431.0
498.0 431.0
502.0 433.0
502.0 433.0
505.0 437.0
505.0 437.0
508.0 437.0
508.0 437.0
508.0 439.0
508.0 439.0
511.0 439.0
511.0 439.0
511.0 434.0
511.0 434.0
505.0 430.0
505.0 430.0
506.0 427.0
506.0 427.0
509.0 427.0
509.0 427.0
509.0 429.0
509.0 429.0
511.0 429.0
511.0 429.0
517.0 441.0
517.0 441.0
516.0 447.0
516.0 447.0
518.0 448.0
518.0 448.0
518.0 454.0
518.0 454.0
522.0 456.0
522.0 456.0
524.0 453.0
524.0 453.0
527.0 452.0
527.0 452.0
527.0 450.0
527.0 450.0
531.0 450.0
531.0 450.0
531.0 452.0
531.0 452.0
536.0 454.0
536.0 454.0
536.0 458.0
536.0 458.0
533.0 457.0
533.0 457.0
531.0 459.0
531.0 459.0
521.0 461.0
521.0 461.0
519.0 463.0
519.0 463.0
519.0 467.0
519.0 467.0
520.0 469.0
520.0 469.0
523.0 470.0
523.0 470.0
529.0 469.0
529.0 469.0
540.0 480.0
540.0 480.0
531.0 480.0
531.0 480.0
531.0 477.0
531.0 477.0
529.0 477.0
529.0 477.0
530.0 475.0
530.0 475.0
528.0 475.0
528.0 475.0
526.0 480.0
526.0 480.0
467.0 480.0
467.0 480.0
504.0 479.0
504.0 479.0
506.0 475.0
506.0 475.0
504.0 473.0
504.0 473.0
502.0 466.0
502.0 466.0
499.0 464.0
499.0 464.0
498.0 460.0
498.0 460.0
491.0 452.0
491.0 452.0
488.0 445.0
488.0 445.0
479.0 435.0
479.0 435.0
477.0 430.0
477.0 430.0
469.0 422.0
469.0 422.0
468.0 417.0
468.0 417.0
462.0 408.0
462.0 408.0
462.0 405.0
462.0 405.0
460.0 404.0
460.0 404.0
458.0 398.0
458.0 398.0
456.0 397.0
456.0 397.0
450.0 385.0
450.0 385.0
442.0 377.0
442.0 377.0
442.0 375.0
442.0 375.0
440.0 375.0
440.0 375.0
435.0 370.0
435.0 370.0
435.0 368.0
435.0 368.0
420.0 353.0
420.0 353.0
418.0 353.0
418.0 353.0
418.0 351.0
418.0 351.0
416.0 351.0
416.0 351.0
416.0 349.0
416.0 349.0
411.0 344.0
411.0 344.0
406.0 342.0
406.0 342.0
404.0 339.0
404.0 339.0
400.0 340.0
400.0 340.0
397.0 352.0
397.0 352.0
395.0 389.0
395.0 389.0
397.0 393.0
397.0 393.0
400.0 418.0
400.0 418.0
400.0 447.0
400.0 447.0
402.0 450.0
402.0 450.0
404.0 463.0
404.0 463.0
407.0 465.0
407.0 465.0
408.0 480.0
408.0 480.0
406.0 480.0
406.0 480.0
406.0 478.0
406.0 478.0
405.0 480.0
405.0 480.0
376.0 480.0
376.0 480.0
377.0 475.0
377.0 475.0
375.0 471.0
375.0 471.0
369.0 468.0
369.0 468.0
361.0 469.0
361.0 469.0
357.0 474.0
357.0 474.0
337.0 475.0
337.0 475.0
335.0 477.0
335.0 477.0
332.0 477.0
332.0 477.0
332.0 479.0
332.0 479.0
330.0 480.0
330.0 480.0
203.0 480.0
203.0 480.0
204.0 474.0
204.0 474.0
206.0 472.0
206.0 472.0
206.0 458.0
206.0 458.0
204.0 455.0
204.0 455.0
204.0 447.0
204.0 447.0
200.0 431.0
200.0 431.0
198.0 410.0
198.0 410.0
194.0 411.0
194.0 411.0
192.0 425.0
192.0 425.0
190.0 427.0
190.0 427.0
187.0 442.0
187.0 442.0
182.0 453.0
182.0 453.0
182.0 465.0
182.0 465.0
179.0 465.0
179.0 465.0
180.0 470.0
180.0 470.0
196.0 469.0
196.0 469.0
196.0 480.0
196.0 480.0
181.0 480.0
181.0 480.0
181.0 476.0
181.0 476.0
179.0 477.0
179.0 477.0
179.0 480.0
179.0 480.0
163.0 480.0
163.0 480.0
162.0 474.0
162.0 474.0
160.0 475.0
160.0 475.0
159.0 480.0
159.0 480.0
93.0 480.0
93.0 480.0
93.0 478.0
93.0 478.0
98.0 476.0
98.0 476.0
100.0 473.0
100.0 473.0
103.0 473.0
103.0 473.0
105.0 475.0
105.0 475.0
111.0 475.0
111.0 475.0
118.0 470.0
118.0 470.0
121.0 461.0
121.0 461.0
135.0 449.0
135.0 449.0
138.0 438.0
138.0 438.0
147.0 424.0
147.0 424.0
143.0 416.0
143.0 416.0
143.0 411.0
143.0 411.0
140.0 402.0
140.0 402.0
143.0 398.0
143.0 398.0
143.0 390.0
143.0 390.0
140.0 384.0
140.0 384.0
141.0 366.0
141.0 366.0
136.0 363.0
136.0 363.0
131.0 363.0
131.0 363.0
129.0 365.0
129.0 365.0
129.0 368.0
129.0 368.0
127.0 368.0
127.0 368.0
124.0 364.0
124.0 364.0
125.0 361.0
125.0 361.0
122.0 358.0
122.0 358.0
119.0 358.0
119.0 358.0
118.0 362.0
118.0 362.0
122.0 364.0
122.0 364.0
125.0 371.0
125.0 371.0
128.0 374.0
128.0 374.0
130.0 374.0
130.0 374.0
130.0 376.0
130.0 376.0
136.0 379.0
136.0 379.0
138.0 387.0
138.0 387.0
135.0 390.0
135.0 390.0
129.0 390.0
129.0 390.0
128.0 387.0
128.0 387.0
120.0 385.0
120.0 385.0
116.0 389.0
116.0 389.0
114.0 398.0
114.0 398.0
110.0 404.0
110.0 404.0
110.0 407.0
110.0 407.0
106.0 415.0
106.0 415.0
106.0 423.0
106.0 423.0
109.0 422.0
109.0 422.0
112.0 417.0
112.0 417.0
115.0 417.0
115.0 417.0
115.0 415.0
115.0 415.0
120.0 416.0
120.0 416.0
122.0 420.0
122.0 420.0
111.0 428.0
111.0 428.0
111.0 434.0
111.0 434.0
104.0 439.0
104.0 439.0
102.0 446.0
102.0 446.0
96.0 451.0
96.0 451.0
95.0 456.0
95.0 456.0
88.0 464.0
88.0 464.0
85.0 474.0
85.0 474.0
79.0 480.0
79.0 480.0
76.0 480.0
76.0 480.0
76.0 474.0
76.0 474.0
81.0 470.0
81.0 470.0
83.0 462.0
83.0 462.0
91.0 449.0
91.0 449.0
94.0 439.0
94.0 439.0
94.0 433.0
94.0 433.0
96.0 432.0
96.0 432.0
97.0 429.0
97.0 429.0
97.0 423.0
97.0 423.0
99.0 420.0
99.0 420.0
100.0 413.0
100.0 413.0
105.0 405.0
105.0 405.0
107.0 393.0
107.0 393.0
113.0 387.0
113.0 387.0
113.0 385.0
113.0 385.0
110.0 383.0
110.0 383.0
108.0 383.0
108.0 383.0
107.0 385.0
107.0 385.0
108.0 377.0
108.0 377.0
112.0 366.0
112.0 366.0
112.0 358.0
112.0 358.0
110.0 357.0
110.0 357.0
110.0 352.0
110.0 352.0
117.0 343.0
117.0 343.0
119.0 325.0
119.0 325.0
120.0 321.0
120.0 321.0
122.0 321.0
122.0 321.0
122.0 318.0
122.0 318.0
124.0 318.0
124.0 318.0
124.0 320.0
124.0 320.0
127.0 320.0
127.0 320.0
121.0 323.0
121.0 323.0
121.0 328.0
121.0 328.0
125.0 328.0
125.0 328.0
131.0 322.0
131.0 322.0
131.0 320.0
131.0 320.0
137.0 320.0
137.0 320.0
142.0 317.0
142.0 317.0
153.0 318.0
153.0 318.0
155.0 314.0
155.0 314.0
166.0 314.0
166.0 314.0
167.0 312.0
167.0 312.0
174.0 331.0
174.0 331.0
178.0 334.0
178.0 334.0
178.0 337.0
178.0 337.0
180.0 336.0
180.0 336.0
179.0 341.0
179.0 341.0
190.0 347.0
190.0 347.0
188.0 334.0
188.0 334.0
179.0 323.0
179.0 323.0
180.0 321.0
180.0 321.0
178.0 320.0
178.0 320.0
177.0 317.0
177.0 317.0
177.0 314.0
177.0 314.0
179.0 314.0
179.0 314.0
179.0 316.0
179.0 316.0
182.0 317.0
182.0 317.0
182.0 319.0
182.0 319.0
190.0 329.0
190.0 329.0
194.0 343.0
194.0 343.0
197.0 346.0
197.0 346.0
200.0 346.0
200.0 346.0
204.0 350.0
204.0 350.0
206.0 350.0
206.0 350.0
208.0 354.0
208.0 354.0
212.0 357.0
212.0 357.0
214.0 362.0
214.0 362.0
218.0 365.0
218.0 365.0
218.0 367.0
218.0 367.0
229.0 378.0
229.0 378.0
235.0 379.0
235.0 379.0
237.0 387.0
237.0 387.0
239.0 389.0
239.0 389.0
243.0 390.0
243.0 390.0
248.0 388.0
248.0 388.0
248.0 390.0
248.0 390.0
251.0 391.0
251.0 391.0
255.0 403.0
255.0 403.0
260.0 408.0
260.0 408.0
261.0 412.0
261.0 412.0
257.0 411.0
257.0 411.0
259.0 415.0
259.0 415.0
265.0 414.0
265.0 414.0
268.0 415.0
268.0 415.0
271.0 419.0
271.0 419.0
281.0 418.0
281.0 418.0
285.0 415.0
285.0 415.0
289.0 416.0
289.0 416.0
288.0 404.0
288.0 404.0
282.0 398.0
282.0 398.0
280.0 393.0
280.0 393.0
271.0 385.0
271.0 385.0
264.0 383.0
264.0 383.0
264.0 381.0
264.0 381.0
260.0 379.0
260.0 379.0
258.0 374.0
258.0 374.0
255.0 372.0
255.0 372.0
255.0 370.0
255.0 370.0
251.0 368.0
251.0 368.0
249.0 365.0
249.0 365.0
247.0 365.0
247.0 365.0
245.0 362.0
245.0 362.0
243.0 362.0
243.0 362.0
235.0 353.0
235.0 353.0
230.0 351.0
230.0 351.0
230.0 349.0
230.0 349.0
227.0 346.0
227.0 346.0
220.0 344.0
220.0 344.0
220.0 342.0
220.0 342.0
217.0 341.0
217.0 341.0
217.0 338.0
217.0 338.0
211.0 329.0
211.0 329.0
200.0 323.0
200.0 323.0
200.0 321.0
200.0 321.0
194.0 314.0
194.0 314.0
188.0 312.0
188.0 312.0
181.0 306.0
181.0 306.0
169.0 305.0
169.0 305.0
168.0 308.0
168.0 308.0
165.0 306.0
165.0 306.0
164.0 298.0
164.0 298.0
170.0 296.0
170.0 296.0
175.0 297.0
175.0 297.0
181.0 304.0
181.0 304.0
189.0 304.0
189.0 304.0
192.0 307.0
192.0 307.0
195.0 307.0
195.0 307.0
196.0 309.0
196.0 309.0
201.0 310.0
201.0 310.0
205.0 314.0
205.0 314.0
209.0 315.0
209.0 315.0
212.0 319.0
212.0 319.0
214.0 319.0
214.0 319.0
214.0 323.0
214.0 323.0
219.0 329.0
219.0 329.0
228.0 332.0
228.0 332.0
238.0 341.0
238.0 341.0
248.0 345.0
248.0 345.0
253.0 350.0
253.0 350.0
257.0 358.0
257.0 358.0
260.0 359.0
260.0 359.0
272.0 372.0
272.0 372.0
275.0 379.0
275.0 379.0
280.0 383.0
280.0 383.0
281.0 389.0
281.0 389.0
287.0 390.0
287.0 390.0
289.0 392.0
289.0 392.0
290.0 398.0
290.0 398.0
294.0 405.0
294.0 405.0
294.0 414.0
294.0 414.0
290.0 416.0
290.0 416.0
290.0 419.0
290.0 419.0
287.0 423.0
287.0 423.0
289.0 424.0
289.0 424.0
290.0 429.0
290.0 429.0
292.0 431.0
292.0 431.0
297.0 432.0
297.0 432.0
302.0 437.0
302.0 437.0
302.0 439.0
302.0 439.0
307.0 443.0
307.0 443.0
308.0 450.0
308.0 450.0
304.0 450.0
304.0 450.0
299.0 445.0
299.0 445.0
299.0 441.0
299.0 441.0
297.0 440.0
297.0 440.0
298.0 438.0
298.0 438.0
296.0 438.0
296.0 438.0
296.0 436.0
296.0 436.0
291.0 431.0
291.0 431.0
289.0 431.0
289.0 431.0
288.0 435.0
288.0 435.0
294.0 439.0
294.0 439.0
298.0 447.0
298.0 447.0
289.0 447.0
289.0 447.0
288.0 445.0
288.0 445.0
284.0 445.0
284.0 445.0
281.0 448.0
281.0 448.0
279.0 448.0
279.0 448.0
279.0 454.0
279.0 454.0
276.0 454.0
276.0 454.0
277.0 456.0
277.0 456.0
274.0 456.0
274.0 456.0
274.0 458.0
274.0 458.0
278.0 460.0
278.0 460.0
278.0 457.0
278.0 457.0
281.0 457.0
281.0 457.0
283.0 459.0
283.0 459.0
290.0 455.0
290.0 455.0
291.0 453.0
291.0 453.0
307.0 454.0
307.0 454.0
310.0 452.0
310.0 452.0
312.0 448.0
312.0 448.0
312.0 443.0
312.0 443.0
314.0 442.0
314.0 442.0
314.0 437.0
314.0 437.0
312.0 436.0
312.0 436.0
311.0 429.0
311.0 429.0
313.0 425.0
313.0 425.0
317.0 422.0
317.0 422.0
318.0 410.0
318.0 410.0
320.0 407.0
320.0 407.0
320.0 400.0
320.0 400.0
318.0 400.0
318.0 400.0
316.0 395.0
316.0 395.0
318.0 395.0
318.0 395.0
319.0 399.0
319.0 399.0
321.0 400.0
321.0 400.0
323.0 396.0
323.0 396.0
323.0 382.0
323.0 382.0
325.0 379.0
325.0 379.0
324.0 365.0
324.0 365.0
319.0 363.0
319.0 363.0
314.0 351.0
314.0 351.0
308.0 345.0
308.0 345.0
306.0 339.0
306.0 339.0
304.0 339.0
304.0 339.0
304.0 335.0
304.0 335.0
301.0 332.0
301.0 332.0
301.0 329.0
301.0 329.0
299.0 327.0
299.0 327.0
298.0 322.0
298.0 322.0
296.0 321.0
296.0 321.0
294.0 314.0
294.0 314.0
283.0 304.0
283.0 304.0
282.0 300.0
282.0 300.0
276.0 294.0
276.0 294.0
276.0 297.0
276.0 297.0
274.0 296.0
274.0 296.0
273.0 298.0
273.0 298.0
277.0 302.0
277.0 302.0
277.0 309.0
277.0 309.0
280.0 315.0
280.0 315.0
283.0 318.0
283.0 318.0
286.0 318.0
286.0 318.0
286.0 320.0
286.0 320.0
291.0 324.0
291.0 324.0
291.0 326.0
291.0 326.0
295.0 330.0
295.0 330.0
296.0 334.0
296.0 334.0
298.0 335.0
298.0 335.0
301.0 341.0
301.0 341.0
301.0 348.0
301.0 348.0
303.0 350.0
303.0 350.0
303.0 353.0
303.0 353.0
310.0 362.0
310.0 362.0
310.0 364.0
310.0 364.0
312.0 365.0
312.0 365.0
312.0 374.0
312.0 374.0
314.0 376.0
314.0 376.0
314.0 380.0
314.0 380.0
310.0 381.0
310.0 381.0
301.0 364.0
301.0 364.0
296.0 360.0
296.0 360.0
296.0 358.0
296.0 358.0
293.0 355.0
293.0 355.0
291.0 355.0
291.0 355.0
288.0 346.0
288.0 346.0
285.0 343.0
285.0 343.0
283.0 343.0
283.0 343.0
280.0 331.0
280.0 331.0
276.0 326.0
276.0 326.0
272.0 315.0
272.0 315.0
268.0 313.0
268.0 313.0
268.0 309.0
268.0 309.0
266.0 308.0
266.0 308.0
266.0 306.0
266.0 306.0
259.0 300.0
259.0 300.0
259.0 298.0
259.0 298.0
257.0 297.0
257.0 297.0
257.0 295.0
257.0 295.0
255.0 295.0
255.0 295.0
253.0 290.0
253.0 290.0
244.0 284.0
244.0 284.0
236.0 268.0
236.0 268.0
229.0 262.0
229.0 262.0
228.0 257.0
228.0 257.0
222.0 252.0
222.0 252.0
212.0 250.0
212.0 250.0
214.0 246.0
214.0 246.0
216.0 246.0
216.0 246.0
217.0 248.0
217.0 248.0
221.0 246.0
221.0 246.0
221.0 242.0
221.0 242.0
219.0 239.0
219.0 239.0
219.0 230.0
219.0 230.0
222.0 229.0
222.0 229.0
223.0 227.0
223.0 227.0
229.0 228.0
229.0 228.0
228.0 226.0
228.0 226.0
230.0 227.0
230.0 227.0
234.0 219.0
234.0 219.0
239.0 216.0
239.0 216.0
239.0 210.0
239.0 210.0
233.0 199.0
233.0 199.0
231.0 199.0
231.0 199.0
232.0 191.0
232.0 191.0
230.0 185.0
230.0 185.0
227.0 183.0
227.0 183.0
223.0 183.0
223.0 183.0
224.0 187.0
224.0 187.0
222.0 187.0
222.0 187.0
221.0 182.0
221.0 182.0
223.0 183.0
223.0 183.0
223.0 179.0
223.0 179.0
221.0 176.0
221.0 176.0
221.0 167.0
221.0 167.0
218.0 164.0
218.0 164.0
216.0 165.0
216.0 165.0
217.0 167.0
217.0 167.0
215.0 165.0
215.0 165.0
211.0 165.0
211.0 165.0
213.0 171.0
213.0 171.0
215.0 172.0
215.0 172.0
216.0 176.0
216.0 176.0
219.0 179.0
219.0 179.0
218.0 180.0
218.0 180.0
217.0 177.0
217.0 177.0
215.0 177.0
215.0 177.0
215.0 175.0
215.0 175.0
212.0 173.0
212.0 173.0
211.0 169.0
211.0 169.0
208.0 167.0
208.0 167.0
204.0 159.0
204.0 159.0
201.0 157.0
201.0 157.0
200.0 153.0
200.0 153.0
208.0 162.0
208.0 162.0
202.0 150.0
202.0 150.0
200.0 150.0
200.0 150.0
198.0 144.0
198.0 144.0
194.0 141.0
194.0 141.0
194.0 139.0
194.0 139.0
187.0 131.0
187.0 131.0
184.0 124.0
184.0 124.0
178.0 118.0
178.0 118.0
175.0 111.0
175.0 111.0
172.0 109.0
172.0 109.0
172.0 107.0
172.0 107.0
170.0 106.0
170.0 106.0
170.0 104.0
170.0 104.0
168.0 103.0
168.0 103.0
168.0 101.0
168.0 101.0
161.0 92.0
161.0 92.0
164.0 90.0
164.0 90.0
171.0 90.0
171.0 90.0
175.0 88.0
175.0 88.0
185.0 87.0
185.0 87.0
188.0 85.0
188.0 85.0
213.0 81.0
213.0 81.0
218.0 75.0
218.0 75.0
220.0 67.0
220.0 67.0
225.0 60.0
225.0 60.0
231.0 57.0
231.0 57.0
231.0 55.0
231.0 55.0
233.0 55.0
233.0 55.0
237.0 50.0
237.0 50.0
251.0 44.0
251.0 44.0
254.0 41.0
254.0 41.0
270.0 39.0
270.0 39.0
288.0 40.0
288.0 40.0
300.0 47.0
300.0 47.0
310.0 47.0
310.0 47.0
316.0 52.0
316.0 52.0
318.0 52.0
318.0 52.0
323.0 58.0
323.0 58.0
323.0 60.0
323.0 60.0
327.0 62.0
327.0 62.0
331.0 68.0
331.0 68.0
333.0 68.0
333.0 68.0
335.0 75.0
335.0 75.0
337.0 76.0
337.0 76.0
338.0 82.0
338.0 82.0
340.0 83.0
340.0 83.0
343.0 109.0
343.0 109.0
341.0 133.0
341.0 133.0
339.0 138.0
339.0 138.0
346.0 138.0
346.0 138.0
345.0 143.0
345.0 143.0
340.0 148.0
340.0 148.0
338.0 148.0
338.0 148.0
342.0 155.0
342.0 155.0
338.0 156.0
338.0 156.0
337.0 153.0
337.0 153.0
335.0 132.0
335.0 132.0
334.0 128.0
334.0 128.0
332.0 127.0
332.0 127.0
330.0 110.0
330.0 110.0
328.0 108.0
328.0 108.0
326.0 101.0
326.0 101.0
322.0 101.0
322.0 101.0
320.0 102.0
320.0 102.0
320.0 104.0
320.0 104.0
317.0 104.0
317.0 104.0
311.0 97.0
311.0 97.0
308.0 97.0
308.0 97.0
307.0 99.0
307.0 99.0
304.0 100.0
304.0 100.0
304.0 103.0
304.0 103.0
298.0 105.0
298.0 105.0
297.0 103.0
297.0 103.0
292.0 102.0
292.0 102.0
289.0 98.0
289.0 98.0
275.0 97.0
275.0 97.0
268.0 101.0
268.0 101.0
256.0 101.0
256.0 101.0
241.0 104.0
241.0 104.0
237.0 108.0
237.0 108.0
238.0 121.0
238.0 121.0
235.0 126.0
235.0 126.0
234.0 137.0
234.0 137.0
232.0 137.0
232.0 137.0
233.0 139.0
233.0 139.0
237.0 140.0
237.0 140.0
247.0 135.0
247.0 135.0
263.0 137.0
263.0 137.0
274.0 136.0
274.0 136.0
281.0 139.0
281.0 139.0
284.0 143.0
284.0 143.0
282.0 152.0
282.0 152.0
277.0 157.0
277.0 157.0
275.0 157.0
275.0 157.0
273.0 160.0
273.0 160.0
269.0 160.0
269.0 160.0
268.0 162.0
268.0 162.0
265.0 162.0
265.0 162.0
264.0 164.0
264.0 164.0
262.0 163.0
262.0 163.0
260.0 165.0
260.0 165.0
246.0 164.0
246.0 164.0
245.0 162.0
245.0 162.0
241.0 161.0
241.0 161.0
238.0 157.0
238.0 157.0
234.0 155.0
234.0 155.0
232.0 145.0
232.0 145.0
229.0 143.0
229.0 143.0
227.0 148.0
227.0 148.0
226.0 163.0
226.0 163.0
230.0 171.0
230.0 171.0
232.0 171.0
232.0 171.0
232.0 174.0
232.0 174.0
236.0 175.0
236.0 175.0
238.0 179.0
238.0 179.0
243.0 181.0
243.0 181.0
244.0 188.0
244.0 188.0
241.0 187.0
241.0 187.0
241.0 191.0
241.0 191.0
243.0 192.0
243.0 192.0
247.0 201.0
247.0 201.0
258.0 210.0
258.0 210.0
263.0 211.0
263.0 211.0
272.0 208.0
272.0 208.0
280.0 210.0
280.0 210.0
287.0 207.0
287.0 207.0
299.0 207.0
299.0 207.0
306.0 209.0
306.0 209.0
305.0 207.0
305.0 207.0
314.0 205.0
314.0 205.0
315.0 207.0
315.0 207.0
321.0 210.0
321.0 210.0
320.0 217.0
320.0 217.0
322.0 217.0
322.0 217.0
322.0 215.0
322.0 215.0
324.0 215.0
324.0 215.0
324.0 213.0
324.0 213.0
326.0 213.0
326.0 213.0
328.0 208.0
328.0 208.0
332.0 205.0
332.0 205.0
332.0 202.0
332.0 202.0
335.0 204.0
335.0 204.0
335.0 202.0
335.0 202.0
337.0 202.0
337.0 202.0
337.0 199.0
337.0 199.0
340.0 196.0
340.0 196.0
339.0 192.0
339.0 192.0
335.0 192.0
335.0 192.0
335.0 199.0
335.0 199.0
332.0 199.0
332.0 199.0
329.0 202.0
329.0 202.0
331.0 187.0
331.0 187.0
333.0 186.0
333.0 186.0
334.0 181.0
334.0 181.0
333.0 177.0
333.0 177.0
336.0 177.0
336.0 177.0
341.0 171.0
341.0 171.0
344.0 155.0
344.0 155.0
346.0 151.0
346.0 151.0
349.0 149.0
349.0 149.0
349.0 158.0
349.0 158.0
346.0 166.0
346.0 166.0
347.0 168.0
347.0 168.0
346.0 171.0
346.0 171.0
341.0 176.0
341.0 176.0
345.0 178.0
345.0 178.0
344.0 181.0
344.0 181.0
338.0 182.0
338.0 182.0
339.0 188.0
339.0 188.0
345.0 189.0
345.0 189.0
349.0 186.0
349.0 186.0
357.0 186.0
357.0 186.0
359.0 193.0
359.0 193.0
361.0 190.0
361.0 190.0
368.0 186.0
368.0 186.0
380.0 187.0
380.0 187.0
388.0 193.0
388.0 193.0
387.0 195.0
387.0 195.0
391.0 195.0
391.0 195.0
391.0 191.0
391.0 191.0
401.0 190.0
401.0 190.0
404.0 194.0
404.0 194.0
411.0 197.0
411.0 197.0
416.0 202.0
416.0 202.0
424.0 205.0
424.0 205.0
429.0 210.0
429.0 210.0
424.0 169.0
424.0 169.0
422.0 169.0
422.0 169.0
421.0 166.0
421.0 166.0
416.0 166.0
416.0 166.0
416.0 169.0
416.0 169.0
402.0 171.0
402.0 171.0
398.0 170.0
398.0 170.0
398.0 172.0
398.0 172.0
396.0 171.0
396.0 171.0
396.0 167.0
396.0 167.0
410.0 165.0
410.0 165.0
420.0 166.0
420.0 166.0
420.0 164.0
420.0 164.0
423.0 161.0
423.0 161.0
418.0 119.0
418.0 119.0
414.0 99.0
414.0 99.0
414.0 90.0
414.0 90.0
412.0 86.0
412.0 86.0
406.0 32.0
406.0 32.0
404.0 27.0
404.0 27.0
402.0 0.0


6

428
10.0 10.0
111.0 10.0
111.0 10.0
111.0 61.0
111.0 61.0
42.0 61.0
42.0 61.0
37.0 64.0
37.0 64.0
34.0 64.0
34.0 64.0
33.0 66.0
33.0 66.0
31.0 65.0
31.0 65.0
30.0 67.0
30.0 67.0
19.0 69.0
19.0 69.0
18.0 72.0
18.0 72.0
14.0 72.0
14.0 72.0
13.0 77.0
13.0 77.0
17.0 78.0
17.0 78.0
17.0 80.0
17.0 80.0
31.0 93.0
31.0 93.0
31.0 95.0
31.0 95.0
33.0 95.0
33.0 95.0
36.0 98.0
36.0 98.0
36.0 100.0
36.0 100.0
38.0 100.0
38.0 100.0
44.0 106.0
44.0 106.0
44.0 108.0
44.0 108.0
46.0 108.0
46.0 108.0
47.0 111.0
47.0 111.0
49.0 111.0
49.0 111.0
51.0 115.0
51.0 115.0
55.0 119.0
55.0 119.0
57.0 119.0
57.0 119.0
57.0 121.0
57.0 121.0
60.0 122.0
60.0 122.0
60.0 124.0
60.0 124.0
62.0 124.0
62.0 124.0
62.0 126.0
62.0 126.0
68.0 132.0
68.0 132.0
70.0 132.0
70.0 132.0
71.0 135.0
71.0 135.0
77.0 141.0
77.0 141.0
79.0 141.0
79.0 141.0
82.0 144.0
82.0 144.0
82.0 146.0
82.0 146.0
111.0 175.0
111.0 175.0
113.0 175.0
113.0 175.0
113.0 177.0
113.0 177.0
123.0 186.0
123.0 186.0
123.0 188.0
123.0 188.0
125.0 188.0
125.0 188.0
137.0 200.0
137.0 200.0
137.0 202.0
137.0 202.0
140.0 203.0
140.0 203.0
140.0 205.0
140.0 205.0
144.0 209.0
144.0 209.0
157.0 209.0
157.0 209.0
173.0 206.0
173.0 206.0
175.0 204.0
175.0 204.0
179.0 205.0
179.0 205.0
180.0 203.0
180.0 203.0
185.0 204.0
185.0 204.0
186.0 202.0
186.0 202.0
190.0 202.0
190.0 202.0
190.0 207.0
190.0 207.0
178.0 208.0
178.0 208.0
173.0 210.0
173.0 210.0
170.0 210.0
170.0 210.0
173.0 208.0
173.0 208.0
164.0 208.0
164.0 208.0
163.0 212.0
163.0 212.0
158.0 212.0
158.0 212.0
157.0 210.0
157.0 210.0
157.0 212.0
157.0 212.0
154.0 211.0
154.0 211.0
150.0 216.0
150.0 216.0
148.0 216.0
148.0 216.0
149.0 218.0
149.0 218.0
155.0 218.0
155.0 218.0
158.0 221.0
158.0 221.0
158.0 223.0
158.0 223.0
161.0 226.0
161.0 226.0
163.0 226.0
163.0 226.0
165.0 230.0
165.0 230.0
168.0 233.0
168.0 233.0
170.0 233.0
170.0 233.0
173.0 238.0
173.0 238.0
177.0 240.0
177.0 240.0
177.0 246.0
177.0 246.0
185.0 245.0
185.0 245.0
186.0 240.0
186.0 240.0
192.0 239.0
192.0 239.0
197.0 234.0
197.0 234.0
200.0 234.0
200.0 234.0
202.0 231.0
202.0 231.0
204.0 232.0
204.0 232.0
210.0 228.0
210.0 228.0
215.0 228.0
215.0 228.0
215.0 232.0
215.0 232.0
205.0 235.0
205.0 235.0
204.0 237.0
204.0 237.0
200.0 238.0
200.0 238.0
197.0 242.0
197.0 242.0
190.0 244.0
190.0 244.0
185.0 250.0
185.0 250.0
177.0 251.0
177.0 251.0
176.0 249.0
176.0 249.0
173.0 249.0
173.0 249.0
167.0 252.0
167.0 252.0
167.0 254.0
167.0 254.0
163.0 252.0
163.0 252.0
157.0 252.0
157.0 252.0
145.0 240.0
145.0 240.0
143.0 240.0
143.0 240.0
134.0 230.0
134.0 230.0
132.0 230.0
132.0 230.0
125.0 222.0
125.0 222.0
123.0 222.0
123.0 222.0
98.0 197.0
98.0 197.0
96.0 197.0
96.0 197.0
85.0 185.0
85.0 185.0
83.0 185.0
83.0 185.0
77.0 178.0
77.0 178.0
75.0 178.0
75.0 178.0
63.0 165.0
63.0 165.0
61.0 165.0
61.0 165.0
22.0 127.0
22.0 127.0
12.0 125.0
12.0 125.0
12.0 128.0
12.0 128.0
14.0 128.0
14.0 128.0
14.0 130.0
14.0 130.0
17.0 131.0
17.0 131.0
28.0 142.0
28.0 142.0
28.0 144.0
28.0 144.0
23.0 147.0
23.0 147.0
17.0 147.0
17.0 147.0
0.0 151.0
0.0 151.0
0.0 124.0
0.0 124.0
8.0 122.0
8.0 122.0
11.0 119.0
11.0 119.0
10.0 116.0
10.0 116.0
0.0 118.0
0.0 118.0
1.0 95.0
1.0 95.0
3.0 97.0
3.0 97.0
10.0 96.0
10.0 96.0
14.0 99.0
14.0 99.0
18.0 109.0
18.0 109.0
18.0 113.0
18.0 113.0
24.0 117.0
24.0 117.0
26.0 122.0
26.0 122.0
26.0 124.0
26.0 124.0
23.0 123.0
23.0 123.0
23.0 125.0
23.0 125.0
21.0 126.0
21.0 126.0
28.0 126.0
28.0 126.0
35.0 134.0
35.0 134.0
39.0 136.0
39.0 136.0
40.0 139.0
40.0 139.0
42.0 139.0
42.0 139.0
79.0 175.0
79.0 175.0
81.0 175.0
81.0 175.0
86.0 181.0
86.0 181.0
88.0 181.0
88.0 181.0
88.0 183.0
88.0 183.0
90.0 183.0
90.0 183.0
91.0 186.0
91.0 186.0
93.0 186.0
93.0 186.0
98.0 192.0
98.0 192.0
100.0 192.0
100.0 192.0
122.0 214.0
122.0 214.0
127.0 214.0
127.0 214.0
130.0 212.0
130.0 212.0
136.0 212.0
136.0 212.0
137.0 210.0
137.0 210.0
141.0 210.0
141.0 210.0
141.0 208.0
141.0 208.0
138.0 205.0
138.0 205.0
136.0 206.0
136.0 206.0
117.0 187.0
117.0 187.0
117.0 185.0
117.0 185.0
115.0 185.0
115.0 185.0
102.0 171.0
102.0 171.0
100.0 171.0
100.0 171.0
100.0 169.0
100.0 169.0
90.0 159.0
90.0 159.0
88.0 159.0
88.0 159.0
86.0 155.0
86.0 155.0
83.0 154.0
83.0 154.0
82.0 151.0
82.0 151.0
79.0 150.0
79.0 150.0
73.0 144.0
73.0 144.0
73.0 142.0
73.0 142.0
62.0 131.0
62.0 131.0
59.0 130.0
59.0 130.0
59.0 128.0
59.0 128.0
56.0 125.0
56.0 125.0
54.0 125.0
54.0 125.0
54.0 123.0
54.0 123.0
52.0 123.0
52.0 123.0
49.0 120.0
49.0 120.0
49.0 118.0
49.0 118.0
43.0 112.0
43.0 112.0
41.0 112.0
41.0 112.0
41.0 110.0
41.0 110.0
39.0 110.0
39.0 110.0
39.0 108.0
39.0 108.0
30.0 99.0
30.0 99.0
13.0 82.0
13.0 82.0
11.0 82.0
11.0 82.0
11.0 80.0
11.0 80.0
9.0 80.0
9.0 80.0
4.0 75.0
4.0 75.0
0.0 75.0
0.0 75.0
0.0 65.0
0.0 65.0
3.0 64.0
3.0 64.0
3.0 62.0
3.0 62.0
11.0 64.0
11.0 64.0
9.0 62.0
9.0 62.0
10.0 10.0


7

10
115.0 27.0
118.0 29.0
118.0 29.0
122.0 37.0
122.0 37.0
117.0 36.0
117.0 36.0
115.0 34.0
115.0 34.0
115.0 27.0


8

10
10.0 62.0
13.0 64.0
13.0 64.0
13.0 62.0
13.0 62.0
15.0 63.0
15.0 63.0
19.0 61.0
19.0 61.0
10.0 62.0


9

4
2.0 66.0
3.0 65.0
3.0 65.0
2.0 66.0


10

4
17.0 71.0
18.0 70.0
18.0 70.0
17.0 71.0


11

4
12.0 73.0
13.0 72.0
13.0 72.0
12.0 73.0


12

14
195.0 95.0
198.0 98.0
198.0 98.0
202.0 97.0
202.0 97.0
199.0 96.0
199.0 96.0
199.0 94.0
199.0 94.0
197.0 93.0
197.0 93.0
195.0 93.0
195.0 93.0
195.0 95.0


13

4
168.0 100.0
169.0 99.0
169.0 99.0
168.0 100.0


14

6
169.0 101.0
174.0 102.0
174.0 102.0
172.0 100.0
172.0 100.0
169.0 101.0


15

6
164.0 103.0
168.0 108.0
168.0 108.0
165.0 106.0
165.0 106.0
164.0 103.0


16

12
202.0 106.0
205.0 110.0
205.0 110.0
209.0 109.0
209.0 109.0
209.0 107.0
209.0 107.0
206.0 107.0
206.0 107.0
205.0 105.0
205.0 105.0
202.0 106.0


17

4
1.0 110.0
2.0 109.0
2.0 109.0
1.0 110.0


18

4
169.0 110.0
170.0 111.0
170.0 111.0
169.0 110.0


19

4
175.0 110.0
176.0 109.0
176.0 109.0
175.0 110.0


20

4
296.0 110.0
297.0 111.0
297.0 111.0
296.0 110.0


21

12
170.0 112.0
174.0 115.0
174.0 115.0
175.0 119.0
175.0 119.0
174.0 117.0
174.0 117.0
172.0 117.0
172.0 117.0
172.0 114.0
172.0 114.0
170.0 112.0


22

10
176.0 112.0
178.0 114.0
178.0 114.0
183.0 114.0
183.0 114.0
178.0 110.0
178.0 110.0
176.0 110.0
176.0 110.0
176.0 112.0


23

8
11.0 117.0
14.0 117.0
14.0 117.0
14.0 115.0
14.0 115.0
11.0 115.0
11.0 115.0
11.0 117.0


24

8
209.0 117.0
212.0 121.0
212.0 121.0
214.0 120.0
214.0 120.0
213.0 117.0
213.0 117.0
209.0 117.0


25

18
183.0 122.0
184.0 124.0
184.0 124.0
186.0 124.0
186.0 124.0
186.0 126.0
186.0 126.0
190.0 125.0
190.0 125.0
190.0 123.0
190.0 123.0
188.0 123.0
188.0 123.0
187.0 121.0
187.0 121.0
183.0 120.0
183.0 120.0
183.0 122.0


26

24
179.0 125.0
183.0 126.0
183.0 126.0
183.0 130.0
183.0 130.0
186.0 132.0
186.0 132.0
186.0 134.0
186.0 134.0
190.0 136.0
190.0 136.0
192.0 142.0
192.0 142.0
188.0 140.0
188.0 140.0
188.0 138.0
188.0 138.0
186.0 137.0
186.0 137.0
186.0 135.0
186.0 135.0
184.0 134.0
184.0 134.0
179.0 125.0


27

8
638.0 126.0
640.0 126.0
640.0 126.0
640.0 130.0
640.0 130.0
638.0 130.0
638.0 130.0
638.0 126.0


28

12
629.0 127.0
636.0 127.0
636.0 127.0
637.0 130.0
637.0 130.0
628.0 132.0
628.0 132.0
622.0 131.0
622.0 131.0
623.0 128.0
623.0 128.0
629.0 127.0


29

32
611.0 130.0
614.0 131.0
614.0 131.0
614.0 133.0
614.0 133.0
593.0 135.0
593.0 135.0
590.0 137.0
590.0 137.0
585.0 137.0
585.0 137.0
585.0 139.0
585.0 139.0
582.0 140.0
582.0 140.0
545.0 146.0
545.0 146.0
545.0 143.0
545.0 143.0
548.0 141.0
548.0 141.0
569.0 139.0
569.0 139.0
571.0 137.0
571.0 137.0
585.0 136.0
585.0 136.0
587.0 134.0
587.0 134.0
594.0 132.0
594.0 132.0
611.0 130.0


30

6
617.0 130.0
621.0 131.0
621.0 131.0
615.0 132.0
615.0 132.0
617.0 130.0


31

4
632.0 130.0
635.0 129.0
635.0 129.0
632.0 130.0


32

4
624.0 131.0
625.0 130.0
625.0 130.0
624.0 131.0


33

8
190.0 132.0
193.0 136.0
193.0 136.0
198.0 135.0
198.0 135.0
192.0 131.0
192.0 131.0
190.0 132.0


34

28
323.0 132.0
329.0 134.0
329.0 134.0
333.0 138.0
333.0 138.0
333.0 141.0
333.0 141.0
331.0 152.0
331.0 152.0
321.0 162.0
321.0 162.0
311.0 162.0
311.0 162.0
302.0 159.0
302.0 159.0
295.0 153.0
295.0 153.0
294.0 146.0
294.0 146.0
291.0 143.0
291.0 143.0
293.0 139.0
293.0 139.0
308.0 134.0
308.0 134.0
323.0 134.0
323.0 134.0
323.0 132.0


35

4
619.0 132.0
620.0 133.0
620.0 133.0
619.0 132.0


36

4
346.0 133.0
347.0 135.0
347.0 135.0
346.0 133.0


37

4
615.0 133.0
618.0 134.0
618.0 134.0
615.0 133.0


38

12
287.0 136.0
292.0 137.0
292.0 137.0
290.0 137.0
290.0 137.0
289.0 139.0
289.0 139.0
285.0 139.0
285.0 139.0
285.0 137.0
285.0 137.0
287.0 136.0


39

4
587.0 138.0
588.0 139.0
588.0 139.0
587.0 138.0


40

8
209.0 140.0
214.0 141.0
214.0 141.0
214.0 136.0
214.0 136.0
210.0 136.0
210.0 136.0
209.0 140.0


41

4
233.0 141.0
234.0 140.0
234.0 140.0
233.0 141.0


42

8
192.0 143.0
196.0 145.0
196.0 145.0
198.0 150.0
198.0 150.0
196.0 150.0
196.0 150.0
192.0 143.0


43

4
286.0 143.0
288.0 144.0
288.0 144.0
286.0 143.0


44

8
198.0 144.0
200.0 146.0
200.0 146.0
204.0 145.0
204.0 145.0
199.0 141.0
199.0 141.0
198.0 144.0


45

4
199.0 151.0
200.0 152.0
200.0 152.0
199.0 151.0


46

10
204.0 152.0
206.0 153.0
206.0 153.0
206.0 155.0
206.0 155.0
208.0 154.0
208.0 154.0
208.0 152.0
208.0 152.0
204.0 152.0


47

128
533.0 152.0
534.0 151.0
534.0 151.0
532.0 149.0
532.0 149.0
527.0 149.0
527.0 149.0
525.0 151.0
525.0 151.0
516.0 151.0
516.0 151.0
505.0 154.0
505.0 154.0
474.0 158.0
474.0 158.0
470.0 160.0
470.0 160.0
446.0 163.0
446.0 163.0
442.0 165.0
442.0 165.0
433.0 165.0
433.0 165.0
429.0 168.0
429.0 168.0
435.0 219.0
435.0 219.0
439.0 226.0
439.0 226.0
441.0 226.0
441.0 226.0
444.0 229.0
444.0 229.0
446.0 235.0
446.0 235.0
448.0 235.0
448.0 235.0
452.0 242.0
452.0 242.0
454.0 242.0
454.0 242.0
458.0 247.0
458.0 247.0
460.0 247.0
460.0 247.0
460.0 249.0
460.0 249.0
465.0 248.0
465.0 248.0
464.0 250.0
464.0 250.0
467.0 250.0
467.0 250.0
466.0 253.0
466.0 253.0
469.0 251.0
469.0 251.0
469.0 249.0
469.0 249.0
471.0 249.0
471.0 249.0
469.0 251.0
469.0 251.0
471.0 253.0
471.0 253.0
473.0 251.0
473.0 251.0
472.0 249.0
472.0 249.0
474.0 248.0
474.0 248.0
476.0 250.0
476.0 250.0
473.0 252.0
473.0 252.0
486.0 252.0
486.0 252.0
487.0 249.0
487.0 249.0
487.0 251.0
487.0 251.0
490.0 251.0
490.0 251.0
489.0 249.0
489.0 249.0
496.0 250.0
496.0 250.0
497.0 248.0
497.0 248.0
498.0 251.0
498.0 251.0
499.0 249.0
499.0 249.0
502.0 249.0
502.0 249.0
500.0 251.0
500.0 251.0
512.0 250.0
512.0 250.0
512.0 247.0
512.0 247.0
516.0 248.0
516.0 248.0
515.0 246.0
515.0 246.0
518.0 246.0
518.0 246.0
518.0 244.0
518.0 244.0
520.0 243.0
520.0 243.0
519.0 239.0
519.0 239.0
522.0 230.0
522.0 230.0
521.0 226.0
521.0 226.0
523.0 222.0
523.0 222.0
524.0 208.0
524.0 208.0
526.0 204.0
526.0 204.0
528.0 180.0
528.0 180.0
530.0 177.0
530.0 177.0
533.0 152.0


48

14
1.0 155.0
7.0 156.0
7.0 156.0
7.0 158.0
7.0 158.0
9.0 158.0
9.0 158.0
6.0 161.0
6.0 161.0
7.0 164.0
7.0 164.0
0.0 163.0
0.0 163.0
1.0 155.0


49

46
282.0 157.0
284.0 158.0
284.0 158.0
284.0 183.0
284.0 183.0
279.0 177.0
279.0 177.0
277.0 186.0
277.0 186.0
288.0 188.0
288.0 188.0
302.0 187.0
302.0 187.0
302.0 192.0
302.0 192.0
300.0 196.0
300.0 196.0
296.0 199.0
296.0 199.0
296.0 201.0
296.0 201.0
293.0 204.0
293.0 204.0
280.0 205.0
280.0 205.0
275.0 195.0
275.0 195.0
275.0 187.0
275.0 187.0
272.0 181.0
272.0 181.0
271.0 174.0
271.0 174.0
273.0 170.0
273.0 170.0
275.0 170.0
275.0 170.0
275.0 168.0
275.0 168.0
280.0 168.0
280.0 168.0
280.0 160.0
280.0 160.0
282.0 159.0
282.0 159.0
282.0 157.0


50

4
11.0 159.0
12.0 161.0
12.0 161.0
11.0 159.0


51

30
293.0 159.0
296.0 160.0
296.0 160.0
296.0 163.0
296.0 163.0
298.0 164.0
298.0 164.0
298.0 169.0
298.0 169.0
306.0 173.0
306.0 173.0
308.0 178.0
308.0 178.0
308.0 182.0
308.0 182.0
306.0 183.0
306.0 183.0
306.0 185.0
306.0 185.0
302.0 182.0
302.0 182.0
300.0 177.0
300.0 177.0
296.0 177.0
296.0 177.0
294.0 172.0
294.0 172.0
295.0 166.0
295.0 166.0
293.0 159.0


52

6
14.0 160.0
15.0 161.0
15.0 161.0
13.0 162.0
13.0 162.0
14.0 160.0


53

4
5.0 161.0
6.0 160.0
6.0 160.0
5.0 161.0


54

10
16.0 161.0
18.0 163.0
18.0 163.0
16.0 162.0
16.0 162.0
15.0 164.0
15.0 164.0
13.0 164.0
13.0 164.0
16.0 161.0


55

6
208.0 163.0
210.0 164.0
210.0 164.0
210.0 162.0
210.0 162.0
208.0 163.0


56

20
17.0 164.0
19.0 165.0
19.0 165.0
16.0 168.0
16.0 168.0
18.0 168.0
18.0 168.0
19.0 170.0
19.0 170.0
15.0 169.0
15.0 169.0
14.0 167.0
14.0 167.0
10.0 167.0
10.0 167.0
10.0 165.0
10.0 165.0
16.0 167.0
16.0 167.0
17.0 164.0


57

4
212.0 164.0
214.0 163.0
214.0 163.0
212.0 164.0


58

4
334.0 164.0
335.0 165.0
335.0 165.0
334.0 164.0


59

8
21.0 165.0
23.0 165.0
23.0 165.0
23.0 167.0
23.0 167.0
20.0 167.0
20.0 167.0
21.0 165.0


60

4
210.0 165.0
211.0 164.0
211.0 164.0
210.0 165.0


61

12
263.0 165.0
265.0 165.0
265.0 165.0
264.0 168.0
264.0 168.0
260.0 170.0
260.0 170.0
256.0 169.0
256.0 169.0
257.0 167.0
257.0 167.0
263.0 165.0


62

4
312.0 165.0
313.0 166.0
313.0 166.0
312.0 165.0


63

46
638.0 165.0
640.0 163.0
640.0 163.0
640.0 174.0
640.0 174.0
635.0 182.0
635.0 182.0
634.0 188.0
634.0 188.0
627.0 201.0
627.0 201.0
626.0 207.0
626.0 207.0
623.0 211.0
623.0 211.0
617.0 228.0
617.0 228.0
615.0 229.0
615.0 229.0
614.0 233.0
614.0 233.0
610.0 234.0
610.0 234.0
611.0 227.0
611.0 227.0
615.0 221.0
615.0 221.0
615.0 218.0
615.0 218.0
618.0 214.0
618.0 214.0
622.0 201.0
622.0 201.0
626.0 195.0
626.0 195.0
627.0 189.0
627.0 189.0
631.0 183.0
631.0 183.0
631.0 180.0
631.0 180.0
634.0 176.0
634.0 176.0
634.0 173.0
634.0 173.0
638.0 165.0


64

6
24.0 166.0
26.0 168.0
26.0 168.0
23.0 169.0
23.0 169.0
24.0 166.0


65

4
315.0 166.0
317.0 167.0
317.0 167.0
315.0 166.0


66

4
334.0 167.0
335.0 168.0
335.0 168.0
334.0 167.0


67

6
27.0 168.0
28.0 169.0
28.0 169.0
26.0 170.0
26.0 170.0
27.0 168.0


68

28
389.0 168.0
390.0 170.0
390.0 170.0
393.0 169.0
393.0 169.0
392.0 171.0
392.0 171.0
390.0 171.0
390.0 171.0
390.0 173.0
390.0 173.0
385.0 172.0
385.0 172.0
377.0 175.0
377.0 175.0
374.0 173.0
374.0 173.0
371.0 174.0
371.0 174.0
373.0 172.0
373.0 172.0
376.0 173.0
376.0 173.0
377.0 170.0
377.0 170.0
389.0 170.0
389.0 170.0
389.0 168.0


69

8
399.0 168.0
399.0 170.0
399.0 170.0
401.0 170.0
401.0 170.0
401.0 167.0
401.0 167.0
399.0 168.0


70

4
394.0 169.0
395.0 170.0
395.0 170.0
394.0 169.0


71

4
28.0 170.0
29.0 171.0
29.0 171.0
28.0 170.0


72

4
299.0 171.0
300.0 170.0
300.0 170.0
299.0 171.0


73

4
278.0 172.0
279.0 169.0
279.0 169.0
278.0 172.0


74

4
394.0 172.0
395.0 173.0
395.0 173.0
394.0 172.0


75

20
359.0 173.0
366.0 173.0
366.0 173.0
368.0 175.0
368.0 175.0
367.0 177.0
367.0 177.0
359.0 176.0
359.0 176.0
357.0 178.0
357.0 178.0
351.0 178.0
351.0 178.0
352.0 176.0
352.0 176.0
354.0 177.0
354.0 177.0
355.0 174.0
355.0 174.0
359.0 173.0


76

4
350.0 175.0
351.0 176.0
351.0 176.0
350.0 175.0


77

4
369.0 175.0
370.0 176.0
370.0 176.0
369.0 175.0


78

4
349.0 177.0
350.0 178.0
350.0 178.0
349.0 177.0


79

4
347.0 178.0
348.0 179.0
348.0 179.0
347.0 178.0


80

4
225.0 185.0
226.0 186.0
226.0 186.0
225.0 185.0


81

4
314.0 187.0
315.0 188.0
315.0 188.0
314.0 187.0


82

4
224.0 188.0
226.0 189.0
226.0 189.0
224.0 188.0


83

4
225.0 190.0
226.0 191.0
226.0 191.0
225.0 190.0


84

4
240.0 190.0
241.0 189.0
241.0 189.0
240.0 190.0


85

4
313.0 192.0
314.0 193.0
314.0 193.0
313.0 192.0


86

14
227.0 195.0
229.0 195.0
229.0 195.0
230.0 198.0
230.0 198.0
228.0 198.0
228.0 198.0
228.0 200.0
228.0 200.0
225.0 198.0
225.0 198.0
225.0 196.0
225.0 196.0
227.0 195.0


87

30
356.0 195.0
357.0 192.0
357.0 192.0
355.0 190.0
355.0 190.0
351.0 190.0
351.0 190.0
344.0 196.0
344.0 196.0
343.0 213.0
343.0 213.0
345.0 213.0
345.0 213.0
345.0 209.0
345.0 209.0
348.0 207.0
348.0 207.0
348.0 205.0
348.0 205.0
352.0 205.0
352.0 205.0
352.0 207.0
352.0 207.0
354.0 206.0
354.0 206.0
355.0 202.0
355.0 202.0
353.0 200.0
353.0 200.0
356.0 195.0


88

14
221.0 197.0
223.0 197.0
223.0 197.0
224.0 200.0
224.0 200.0
222.0 202.0
222.0 202.0
194.0 206.0
194.0 206.0
194.0 202.0
194.0 202.0
216.0 199.0
216.0 199.0
221.0 197.0


89

14
380.0 197.0
380.0 199.0
380.0 199.0
383.0 198.0
383.0 198.0
382.0 196.0
382.0 196.0
378.0 196.0
378.0 196.0
374.0 201.0
374.0 201.0
377.0 201.0
377.0 201.0
380.0 197.0


90

4
226.0 198.0
227.0 197.0
227.0 197.0
226.0 198.0


91

6
195.0 205.0
198.0 205.0
198.0 205.0
198.0 202.0
198.0 202.0
195.0 205.0


92

136
385.0 206.0
386.0 208.0
386.0 208.0
389.0 209.0
389.0 209.0
389.0 211.0
389.0 211.0
384.0 216.0
384.0 216.0
384.0 220.0
384.0 220.0
381.0 222.0
381.0 222.0
381.0 224.0
381.0 224.0
380.0 222.0
380.0 222.0
377.0 222.0
377.0 222.0
378.0 218.0
378.0 218.0
380.0 217.0
380.0 217.0
380.0 214.0
380.0 214.0
378.0 212.0
378.0 212.0
376.0 212.0
376.0 212.0
372.0 217.0
372.0 217.0
369.0 218.0
369.0 218.0
371.0 208.0
371.0 208.0
371.0 203.0
371.0 203.0
369.0 202.0
369.0 202.0
369.0 200.0
369.0 200.0
365.0 202.0
365.0 202.0
364.0 213.0
364.0 213.0
356.0 217.0
356.0 217.0
355.0 226.0
355.0 226.0
350.0 238.0
350.0 238.0
352.0 244.0
352.0 244.0
352.0 260.0
352.0 260.0
349.0 264.0
349.0 264.0
350.0 267.0
350.0 267.0
347.0 272.0
347.0 272.0
346.0 283.0
346.0 283.0
348.0 283.0
348.0 283.0
347.0 280.0
347.0 280.0
349.0 281.0
349.0 281.0
350.0 278.0
350.0 278.0
352.0 277.0
352.0 277.0
352.0 272.0
352.0 272.0
354.0 269.0
354.0 269.0
353.0 267.0
353.0 267.0
355.0 265.0
355.0 265.0
356.0 245.0
356.0 245.0
358.0 246.0
358.0 246.0
358.0 244.0
358.0 244.0
362.0 241.0
362.0 241.0
363.0 238.0
363.0 238.0
367.0 237.0
367.0 237.0
367.0 240.0
367.0 240.0
370.0 238.0
370.0 238.0
374.0 226.0
374.0 226.0
376.0 230.0
376.0 230.0
380.0 230.0
380.0 230.0
382.0 226.0
382.0 226.0
385.0 226.0
385.0 226.0
385.0 229.0
385.0 229.0
388.0 229.0
388.0 229.0
395.0 225.0
395.0 225.0
397.0 221.0
397.0 221.0
402.0 220.0
402.0 220.0
406.0 217.0
406.0 217.0
406.0 214.0
406.0 214.0
404.0 215.0
404.0 215.0
399.0 212.0
399.0 212.0
392.0 212.0
392.0 212.0
394.0 211.0
394.0 211.0
394.0 206.0
394.0 206.0
389.0 201.0
389.0 201.0
385.0 202.0
385.0 202.0
385.0 206.0


93

4
175.0 208.0
178.0 207.0
178.0 207.0
175.0 208.0


94

4
168.0 210.0
169.0 211.0
169.0 211.0
168.0 210.0


95

4
149.0 215.0
150.0 214.0
150.0 214.0
149.0 215.0


96

4
127.0 216.0
128.0 214.0
128.0 214.0
127.0 216.0


97

76
283.0 218.0
285.0 220.0
285.0 220.0
302.0 218.0
302.0 218.0
303.0 220.0
303.0 220.0
306.0 220.0
306.0 220.0
307.0 224.0
307.0 224.0
317.0 219.0
317.0 219.0
318.0 221.0
318.0 221.0
317.0 226.0
317.0 226.0
312.0 230.0
312.0 230.0
306.0 230.0
306.0 230.0
303.0 228.0
303.0 228.0
293.0 228.0
293.0 228.0
281.0 234.0
281.0 234.0
280.0 237.0
280.0 237.0
276.0 237.0
276.0 237.0
277.0 241.0
277.0 241.0
310.0 244.0
310.0 244.0
319.0 238.0
319.0 238.0
324.0 228.0
324.0 228.0
324.0 224.0
324.0 224.0
322.0 222.0
322.0 222.0
323.0 220.0
323.0 220.0
320.0 220.0
320.0 220.0
320.0 218.0
320.0 218.0
318.0 218.0
318.0 218.0
317.0 214.0
317.0 214.0
315.0 214.0
315.0 214.0
314.0 211.0
314.0 211.0
301.0 211.0
301.0 211.0
291.0 214.0
291.0 214.0
284.0 214.0
284.0 214.0
283.0 217.0
283.0 217.0
272.0 216.0
272.0 216.0
272.0 219.0
272.0 219.0
274.0 219.0
274.0 219.0
275.0 221.0
275.0 221.0
281.0 220.0
281.0 220.0
283.0 218.0


98

46
127.0 219.0
136.0 227.0
136.0 227.0
138.0 227.0
138.0 227.0
142.0 231.0
142.0 231.0
142.0 233.0
142.0 233.0
144.0 233.0
144.0 233.0
149.0 239.0
149.0 239.0
151.0 239.0
151.0 239.0
159.0 248.0
159.0 248.0
174.0 246.0
174.0 246.0
173.0 242.0
173.0 242.0
171.0 242.0
171.0 242.0
169.0 237.0
169.0 237.0
167.0 237.0
167.0 237.0
160.0 229.0
160.0 229.0
158.0 229.0
158.0 229.0
154.0 222.0
154.0 222.0
152.0 222.0
152.0 222.0
146.0 215.0
146.0 215.0
140.0 214.0
140.0 214.0
137.0 216.0
137.0 216.0
132.0 216.0
132.0 216.0
130.0 214.0
130.0 214.0
127.0 219.0


99

4
329.0 219.0
330.0 218.0
330.0 218.0
329.0 219.0


100

8
362.0 219.0
363.0 226.0
363.0 226.0
361.0 226.0
361.0 226.0
360.0 223.0
360.0 223.0
362.0 219.0


101

4
305.0 223.0
306.0 222.0
306.0 222.0
305.0 223.0


102

4
376.0 223.0
378.0 224.0
378.0 224.0
376.0 223.0


103

4
423.0 224.0
424.0 223.0
424.0 223.0
423.0 224.0


104

12
360.0 228.0
360.0 230.0
360.0 230.0
362.0 231.0
362.0 231.0
360.0 231.0
360.0 231.0
361.0 234.0
361.0 234.0
356.0 240.0
356.0 240.0
360.0 228.0


105

4
226.0 229.0
227.0 228.0
227.0 228.0
226.0 229.0


106

32
333.0 230.0
334.0 220.0
334.0 220.0
333.0 218.0
333.0 218.0
331.0 218.0
331.0 218.0
330.0 225.0
330.0 225.0
328.0 227.0
328.0 227.0
328.0 237.0
328.0 237.0
325.0 242.0
325.0 242.0
325.0 252.0
325.0 252.0
328.0 263.0
328.0 263.0
327.0 287.0
327.0 287.0
331.0 287.0
331.0 287.0
332.0 285.0
332.0 285.0
332.0 275.0
332.0 275.0
330.0 269.0
330.0 269.0
333.0 255.0
333.0 255.0
333.0 230.0


107

10
387.0 232.0
388.0 230.0
388.0 230.0
384.0 230.0
384.0 230.0
384.0 236.0
384.0 236.0
388.0 234.0
388.0 234.0
387.0 232.0


108

40
635.0 234.0
640.0 234.0
640.0 234.0
640.0 268.0
640.0 268.0
598.0 272.0
598.0 272.0
598.0 270.0
598.0 270.0
602.0 268.0
602.0 268.0
600.0 267.0
600.0 267.0
600.0 265.0
600.0 265.0
602.0 265.0
602.0 265.0
600.0 264.0
600.0 264.0
601.0 259.0
601.0 259.0
599.0 259.0
599.0 259.0
600.0 257.0
600.0 257.0
602.0 257.0
602.0 257.0
601.0 252.0
601.0 252.0
603.0 252.0
603.0 252.0
604.0 247.0
604.0 247.0
606.0 247.0
606.0 247.0
605.0 240.0
605.0 240.0
607.0 238.0
607.0 238.0
635.0 234.0


109

4
525.0 236.0
526.0 235.0
526.0 235.0
525.0 236.0


110

12
392.0 238.0
394.0 239.0
394.0 239.0
395.0 242.0
395.0 242.0
400.0 241.0
400.0 241.0
395.0 236.0
395.0 236.0
393.0 236.0
393.0 236.0
392.0 238.0


111

14
380.0 239.0
385.0 241.0
385.0 241.0
385.0 237.0
385.0 237.0
378.0 237.0
378.0 237.0
376.0 238.0
376.0 238.0
376.0 241.0
376.0 241.0
379.0 241.0
379.0 241.0
380.0 239.0


112

4
275.0 241.0
276.0 240.0
276.0 240.0
275.0 241.0


113

4
368.0 241.0
369.0 240.0
369.0 240.0
368.0 241.0


114

12
426.0 241.0
426.0 245.0
426.0 245.0
429.0 245.0
429.0 245.0
428.0 243.0
428.0 243.0
430.0 240.0
430.0 240.0
427.0 239.0
427.0 239.0
426.0 241.0


115

4
367.0 242.0
368.0 241.0
368.0 241.0
367.0 242.0


116

4
525.0 242.0
526.0 241.0
526.0 241.0
525.0 242.0


117

4
337.0 243.0
338.0 241.0
338.0 241.0
337.0 243.0


118

4
514.0 243.0
515.0 244.0
515.0 244.0
514.0 243.0


119

16
202.0 244.0
206.0 246.0
206.0 246.0
208.0 245.0
208.0 245.0
210.0 250.0
210.0 250.0
201.0 249.0
201.0 249.0
199.0 251.0
199.0 251.0
198.0 247.0
198.0 247.0
199.0 245.0
199.0 245.0
202.0 244.0


120

6
429.0 244.0
431.0 245.0
431.0 245.0
431.0 243.0
431.0 243.0
429.0 244.0


121

6
440.0 244.0
442.0 246.0
442.0 246.0
440.0 246.0
440.0 246.0
440.0 244.0


122

4
618.0 244.0
620.0 243.0
620.0 243.0
618.0 244.0


123

4
633.0 245.0
635.0 244.0
635.0 244.0
633.0 245.0


124

10
376.0 246.0
379.0 248.0
379.0 248.0
381.0 244.0
381.0 244.0
378.0 243.0
378.0 243.0
376.0 244.0
376.0 244.0
376.0 246.0


125

4
335.0 247.0
336.0 243.0
336.0 243.0
335.0 247.0


126

4
441.0 247.0
442.0 248.0
442.0 248.0
441.0 247.0


127

4
616.0 247.0
619.0 246.0
619.0 246.0
616.0 247.0


128

4
636.0 247.0
638.0 246.0
638.0 246.0
636.0 247.0


129

6
388.0 248.0
390.0 250.0
390.0 250.0
390.0 247.0
390.0 247.0
388.0 248.0


130

4
467.0 248.0
468.0 249.0
468.0 249.0
467.0 248.0


131

4
478.0 248.0
479.0 249.0
479.0 249.0
478.0 248.0


132

4
517.0 248.0
518.0 247.0
518.0 247.0
517.0 248.0


133

4
516.0 249.0
517.0 248.0
517.0 248.0
516.0 249.0


134

4
474.0 250.0
475.0 249.0
475.0 249.0
474.0 250.0


135

4
484.0 250.0
485.0 251.0
485.0 251.0
484.0 250.0


136

4
611.0 250.0
614.0 249.0
614.0 249.0
611.0 250.0


137

14
319.0 251.0
320.0 242.0
320.0 242.0
318.0 242.0
318.0 242.0
318.0 244.0
318.0 244.0
316.0 245.0
316.0 245.0
315.0 257.0
315.0 257.0
319.0 255.0
319.0 255.0
319.0 251.0


138

6
371.0 251.0
374.0 252.0
374.0 252.0
372.0 248.0
372.0 248.0
371.0 251.0


139

4
463.0 251.0
464.0 250.0
464.0 250.0
463.0 251.0


140

4
529.0 251.0
530.0 250.0
530.0 250.0
529.0 251.0


141

4
604.0 251.0
605.0 250.0
605.0 250.0
604.0 251.0


142

4
625.0 251.0
626.0 250.0
626.0 250.0
625.0 251.0


143

14
199.0 252.0
203.0 252.0
203.0 252.0
204.0 255.0
204.0 255.0
206.0 256.0
206.0 256.0
195.0 257.0
195.0 257.0
196.0 255.0
196.0 255.0
199.0 254.0
199.0 254.0
199.0 252.0


144

6
422.0 252.0
424.0 251.0
424.0 251.0
422.0 250.0
422.0 250.0
422.0 252.0


145

4
464.0 252.0
465.0 251.0
465.0 251.0
464.0 252.0


146

4
491.0 252.0
492.0 251.0
492.0 251.0
491.0 252.0


147

4
495.0 252.0
496.0 251.0
496.0 251.0
495.0 252.0


148

4
525.0 252.0
526.0 251.0
526.0 251.0
525.0 252.0


149

4
636.0 252.0
637.0 251.0
637.0 251.0
636.0 252.0


150

314
178.0 253.0
184.0 254.0
184.0 254.0
182.0 255.0
182.0 255.0
180.0 261.0
180.0 261.0
180.0 266.0
180.0 266.0
182.0 267.0
182.0 267.0
182.0 269.0
182.0 269.0
184.0 269.0
184.0 269.0
186.0 272.0
186.0 272.0
189.0 272.0
189.0 272.0
190.0 275.0
190.0 275.0
192.0 275.0
192.0 275.0
193.0 277.0
193.0 277.0
199.0 278.0
199.0 278.0
199.0 280.0
199.0 280.0
204.0 281.0
204.0 281.0
203.0 278.0
203.0 278.0
199.0 276.0
199.0 276.0
196.0 272.0
196.0 272.0
194.0 273.0
194.0 273.0
193.0 271.0
193.0 271.0
191.0 271.0
191.0 271.0
190.0 265.0
190.0 265.0
195.0 265.0
195.0 265.0
199.0 267.0
199.0 267.0
201.0 270.0
201.0 270.0
203.0 270.0
203.0 270.0
210.0 288.0
210.0 288.0
219.0 297.0
219.0 297.0
228.0 301.0
228.0 301.0
232.0 301.0
232.0 301.0
236.0 309.0
236.0 309.0
238.0 309.0
238.0 309.0
239.0 312.0
239.0 312.0
248.0 320.0
248.0 320.0
253.0 321.0
253.0 321.0
266.0 335.0
266.0 335.0
268.0 340.0
268.0 340.0
285.0 354.0
285.0 354.0
288.0 362.0
288.0 362.0
290.0 362.0
290.0 362.0
291.0 371.0
291.0 371.0
294.0 374.0
294.0 374.0
296.0 374.0
296.0 374.0
296.0 376.0
296.0 376.0
298.0 376.0
298.0 376.0
299.0 378.0
299.0 378.0
300.0 389.0
300.0 389.0
297.0 389.0
297.0 389.0
297.0 387.0
297.0 387.0
293.0 384.0
293.0 384.0
293.0 379.0
293.0 379.0
291.0 379.0
291.0 379.0
288.0 376.0
288.0 376.0
285.0 376.0
285.0 376.0
272.0 363.0
272.0 363.0
272.0 361.0
272.0 361.0
261.0 350.0
261.0 350.0
261.0 348.0
261.0 348.0
258.0 347.0
258.0 347.0
257.0 344.0
257.0 344.0
253.0 343.0
253.0 343.0
253.0 341.0
253.0 341.0
251.0 341.0
251.0 341.0
250.0 337.0
250.0 337.0
242.0 330.0
242.0 330.0
242.0 328.0
242.0 328.0
238.0 324.0
238.0 324.0
232.0 321.0
232.0 321.0
232.0 319.0
232.0 319.0
230.0 319.0
230.0 319.0
230.0 317.0
230.0 317.0
226.0 315.0
226.0 315.0
224.0 312.0
224.0 312.0
214.0 307.0
214.0 307.0
211.0 304.0
211.0 304.0
209.0 298.0
209.0 298.0
202.0 297.0
202.0 297.0
201.0 295.0
201.0 295.0
194.0 293.0
194.0 293.0
191.0 289.0
191.0 289.0
183.0 287.0
183.0 287.0
178.0 281.0
178.0 281.0
174.0 280.0
174.0 280.0
174.0 278.0
174.0 278.0
172.0 278.0
172.0 278.0
168.0 274.0
168.0 274.0
168.0 280.0
168.0 280.0
174.0 286.0
174.0 286.0
181.0 288.0
181.0 288.0
190.0 295.0
190.0 295.0
192.0 295.0
192.0 295.0
199.0 301.0
199.0 301.0
200.0 304.0
200.0 304.0
197.0 304.0
197.0 304.0
197.0 306.0
197.0 306.0
196.0 304.0
196.0 304.0
193.0 305.0
193.0 305.0
192.0 303.0
192.0 303.0
187.0 302.0
187.0 302.0
185.0 299.0
185.0 299.0
176.0 297.0
176.0 297.0
171.0 290.0
171.0 290.0
166.0 288.0
166.0 288.0
164.0 290.0
164.0 290.0
162.0 287.0
162.0 287.0
161.0 290.0
161.0 290.0
163.0 290.0
163.0 290.0
163.0 293.0
163.0 293.0
161.0 292.0
161.0 292.0
156.0 295.0
156.0 295.0
151.0 295.0
151.0 295.0
146.0 299.0
146.0 299.0
146.0 302.0
146.0 302.0
151.0 303.0
151.0 303.0
154.0 306.0
154.0 306.0
155.0 310.0
155.0 310.0
152.0 311.0
152.0 311.0
149.0 308.0
149.0 308.0
144.0 308.0
144.0 308.0
143.0 297.0
143.0 297.0
150.0 293.0
150.0 293.0
152.0 287.0
152.0 287.0
155.0 287.0
155.0 287.0
154.0 284.0
154.0 284.0
149.0 283.0
149.0 283.0
147.0 284.0
147.0 284.0
143.0 292.0
143.0 292.0
130.0 303.0
130.0 303.0
126.0 311.0
126.0 311.0
122.0 314.0
122.0 314.0
119.0 314.0
119.0 314.0
120.0 310.0
120.0 310.0
125.0 306.0
125.0 306.0
127.0 300.0
127.0 300.0
130.0 300.0
130.0 300.0
132.0 294.0
132.0 294.0
138.0 290.0
138.0 290.0
140.0 286.0
140.0 286.0
140.0 281.0
140.0 281.0
142.0 280.0
142.0 280.0
144.0 273.0
144.0 273.0
146.0 273.0
146.0 273.0
146.0 271.0
146.0 271.0
150.0 270.0
150.0 270.0
151.0 268.0
151.0 268.0
155.0 268.0
155.0 268.0
153.0 265.0
153.0 265.0
155.0 266.0
155.0 266.0
155.0 263.0
155.0 263.0
157.0 263.0
157.0 263.0
157.0 261.0
157.0 261.0
159.0 260.0
159.0 260.0
159.0 256.0
159.0 256.0
163.0 256.0
163.0 256.0
166.0 259.0
166.0 259.0
172.0 259.0
172.0 259.0
178.0 253.0


151

4
477.0 253.0
478.0 252.0
478.0 252.0
477.0 253.0


152

4
515.0 253.0
516.0 252.0
516.0 252.0
515.0 253.0


153

4
528.0 253.0
529.0 252.0
529.0 252.0
528.0 253.0


154

4
624.0 253.0
627.0 252.0
627.0 252.0
624.0 253.0


155

4
375.0 254.0
378.0 253.0
378.0 253.0
375.0 254.0


156

4
468.0 254.0
470.0 253.0
470.0 253.0
468.0 254.0


157

4
473.0 254.0
474.0 253.0
474.0 253.0
473.0 254.0


158

4
476.0 254.0
477.0 253.0
477.0 253.0
476.0 254.0


159

4
478.0 254.0
479.0 253.0
479.0 253.0
478.0 254.0


160

4
480.0 254.0
481.0 253.0
481.0 253.0
480.0 254.0


161

6
482.0 254.0
484.0 253.0
484.0 253.0
482.0 252.0
482.0 252.0
482.0 254.0


162

4
500.0 254.0
501.0 253.0
501.0 253.0
500.0 254.0


163

4
504.0 254.0
505.0 255.0
505.0 255.0
504.0 254.0


164

4
516.0 254.0
517.0 253.0
517.0 253.0
516.0 254.0


165

6
525.0 254.0
529.0 256.0
529.0 256.0
528.0 253.0
528.0 253.0
525.0 254.0


166

4
531.0 254.0
532.0 255.0
532.0 255.0
531.0 254.0


167

10
620.0 254.0
623.0 254.0
623.0 254.0
622.0 256.0
622.0 256.0
625.0 256.0
625.0 256.0
624.0 253.0
624.0 253.0
620.0 254.0


168

4
378.0 255.0
379.0 254.0
379.0 254.0
378.0 255.0


169

10
449.0 255.0
453.0 256.0
453.0 256.0
451.0 256.0
451.0 256.0
451.0 258.0
451.0 258.0
448.0 259.0
448.0 259.0
449.0 255.0


170

4
470.0 255.0
472.0 254.0
472.0 254.0
470.0 255.0


171

4
475.0 255.0
476.0 254.0
476.0 254.0
475.0 255.0


172

4
493.0 255.0
494.0 254.0
494.0 254.0
493.0 255.0


173

4
515.0 255.0
516.0 254.0
516.0 254.0
515.0 255.0


174

4
518.0 255.0
519.0 254.0
519.0 254.0
518.0 255.0


175

4
523.0 255.0
524.0 254.0
524.0 254.0
523.0 255.0


176

4
410.0 256.0
411.0 255.0
411.0 255.0
410.0 256.0


177

4
482.0 256.0
484.0 255.0
484.0 255.0
482.0 256.0


178

4
526.0 256.0
527.0 255.0
527.0 255.0
526.0 256.0


179

8
392.0 257.0
396.0 260.0
396.0 260.0
395.0 253.0
395.0 253.0
392.0 253.0
392.0 253.0
392.0 257.0


180

4
474.0 257.0
475.0 256.0
475.0 256.0
474.0 257.0


181

4
477.0 257.0
478.0 256.0
478.0 256.0
477.0 257.0


182

4
618.0 257.0
620.0 256.0
620.0 256.0
618.0 257.0


183

4
516.0 258.0
517.0 257.0
517.0 257.0
516.0 258.0


184

4
526.0 258.0
527.0 257.0
527.0 257.0
526.0 258.0


185

4
608.0 258.0
609.0 257.0
609.0 257.0
608.0 258.0


186

6
618.0 259.0
622.0 260.0
622.0 260.0
622.0 258.0
622.0 258.0
618.0 259.0


187

12
203.0 260.0
207.0 260.0
207.0 260.0
208.0 262.0
208.0 262.0
210.0 262.0
210.0 262.0
210.0 264.0
210.0 264.0
204.0 263.0
204.0 263.0
203.0 260.0


188

4
316.0 260.0
317.0 259.0
317.0 259.0
316.0 260.0


189

4
515.0 260.0
516.0 259.0
516.0 259.0
515.0 260.0


190

4
608.0 260.0
610.0 259.0
610.0 259.0
608.0 260.0


191

4
514.0 261.0
515.0 260.0
515.0 260.0
514.0 261.0


192

8
526.0 261.0
527.0 259.0
527.0 259.0
525.0 259.0
525.0 259.0
525.0 262.0
525.0 262.0
526.0 261.0


193

4
620.0 261.0
621.0 260.0
621.0 260.0
620.0 261.0


194

4
479.0 262.0
480.0 263.0
480.0 263.0
479.0 262.0


195

4
610.0 262.0
615.0 261.0
615.0 261.0
610.0 262.0


196

4
514.0 263.0
515.0 262.0
515.0 262.0
514.0 263.0


197

4
526.0 263.0
527.0 262.0
527.0 262.0
526.0 263.0


198

4
621.0 263.0
625.0 262.0
625.0 262.0
621.0 263.0


199

4
638.0 263.0
639.0 262.0
639.0 262.0
638.0 263.0


200

6
437.0 264.0
438.0 267.0
438.0 267.0
435.0 267.0
435.0 267.0
437.0 264.0


201

4
439.0 264.0
440.0 265.0
440.0 265.0
439.0 264.0


202

4
524.0 264.0
525.0 263.0
525.0 263.0
524.0 264.0


203

4
611.0 264.0
615.0 263.0
615.0 263.0
611.0 264.0


204

4
156.0 265.0
159.0 264.0
159.0 264.0
156.0 265.0


205

4
167.0 265.0
169.0 264.0
169.0 264.0
167.0 265.0


206

18
443.0 265.0
453.0 265.0
453.0 265.0
456.0 268.0
456.0 268.0
457.0 272.0
457.0 272.0
455.0 274.0
455.0 274.0
452.0 274.0
452.0 274.0
449.0 270.0
449.0 270.0
441.0 268.0
441.0 268.0
441.0 266.0
441.0 266.0
443.0 265.0


207

4
484.0 265.0
485.0 266.0
485.0 266.0
484.0 265.0


208

4
513.0 265.0
514.0 264.0
514.0 264.0
513.0 265.0


209

4
605.0 265.0
606.0 264.0
606.0 264.0
605.0 265.0


210

4
623.0 265.0
628.0 264.0
628.0 264.0
623.0 265.0


211

4
516.0 266.0
517.0 265.0
517.0 265.0
516.0 266.0


212

14
371.0 267.0
374.0 267.0
374.0 267.0
374.0 264.0
374.0 264.0
370.0 264.0
370.0 264.0
370.0 275.0
370.0 275.0
372.0 275.0
372.0 275.0
373.0 271.0
373.0 271.0
371.0 267.0


213

4
416.0 267.0
417.0 268.0
417.0 268.0
416.0 267.0


214

4
606.0 267.0
611.0 266.0
611.0 266.0
606.0 267.0


215

4
626.0 267.0
628.0 266.0
628.0 266.0
626.0 267.0


216

4
513.0 268.0
514.0 267.0
514.0 267.0
513.0 268.0


217

10
170.0 270.0
172.0 273.0
172.0 273.0
176.0 272.0
176.0 272.0
174.0 268.0
174.0 268.0
171.0 268.0
171.0 268.0
170.0 270.0


218

4
513.0 270.0
514.0 269.0
514.0 269.0
513.0 270.0


219

10
413.0 271.0
416.0 271.0
416.0 271.0
416.0 274.0
416.0 274.0
412.0 277.0
412.0 277.0
411.0 273.0
411.0 273.0
413.0 271.0


220

8
163.0 272.0
165.0 272.0
165.0 272.0
165.0 270.0
165.0 270.0
163.0 270.0
163.0 270.0
163.0 272.0


221

16
398.0 272.0
401.0 273.0
401.0 273.0
402.0 277.0
402.0 277.0
404.0 278.0
404.0 278.0
403.0 280.0
403.0 280.0
399.0 279.0
399.0 279.0
400.0 277.0
400.0 277.0
397.0 275.0
397.0 275.0
398.0 272.0


222

4
166.0 274.0
167.0 272.0
167.0 272.0
166.0 274.0


223

4
313.0 274.0
314.0 269.0
314.0 269.0
313.0 274.0


224

562
463.0 274.0
472.0 275.0
472.0 275.0
482.0 285.0
482.0 285.0
483.0 292.0
483.0 292.0
487.0 296.0
487.0 296.0
489.0 296.0
489.0 296.0
493.0 302.0
493.0 302.0
499.0 304.0
499.0 304.0
499.0 306.0
499.0 306.0
503.0 308.0
503.0 308.0
503.0 310.0
503.0 310.0
506.0 312.0
506.0 312.0
508.0 312.0
508.0 312.0
509.0 308.0
509.0 308.0
512.0 308.0
512.0 308.0
513.0 305.0
513.0 305.0
510.0 304.0
510.0 304.0
520.0 306.0
520.0 306.0
521.0 304.0
521.0 304.0
516.0 303.0
516.0 303.0
522.0 303.0
522.0 303.0
523.0 301.0
523.0 301.0
524.0 304.0
524.0 304.0
526.0 304.0
526.0 304.0
527.0 302.0
527.0 302.0
529.0 304.0
529.0 304.0
530.0 302.0
530.0 302.0
543.0 302.0
543.0 302.0
543.0 300.0
543.0 300.0
544.0 302.0
544.0 302.0
546.0 300.0
546.0 300.0
560.0 300.0
560.0 300.0
560.0 298.0
560.0 298.0
569.0 298.0
569.0 298.0
569.0 300.0
569.0 300.0
572.0 298.0
572.0 298.0
573.0 300.0
573.0 300.0
573.0 298.0
573.0 298.0
575.0 297.0
575.0 297.0
576.0 300.0
576.0 300.0
579.0 300.0
579.0 300.0
580.0 297.0
580.0 297.0
584.0 298.0
584.0 298.0
583.0 296.0
583.0 296.0
588.0 297.0
588.0 297.0
588.0 295.0
588.0 295.0
589.0 298.0
589.0 298.0
591.0 296.0
591.0 296.0
593.0 296.0
593.0 296.0
592.0 298.0
592.0 298.0
594.0 298.0
594.0 298.0
597.0 295.0
597.0 295.0
602.0 294.0
602.0 294.0
617.0 295.0
617.0 295.0
618.0 293.0
618.0 293.0
618.0 296.0
618.0 296.0
623.0 296.0
623.0 296.0
622.0 294.0
622.0 294.0
626.0 294.0
626.0 294.0
626.0 292.0
626.0 292.0
640.0 293.0
640.0 293.0
640.0 299.0
640.0 299.0
635.0 300.0
635.0 300.0
585.0 304.0
585.0 304.0
567.0 307.0
567.0 307.0
542.0 308.0
542.0 308.0
526.0 311.0
526.0 311.0
514.0 311.0
514.0 311.0
509.0 314.0
509.0 314.0
515.0 323.0
515.0 323.0
530.0 323.0
530.0 323.0
536.0 321.0
536.0 321.0
573.0 319.0
573.0 319.0
580.0 317.0
580.0 317.0
640.0 312.0
640.0 312.0
640.0 317.0
640.0 317.0
617.0 320.0
617.0 320.0
614.0 319.0
614.0 319.0
609.0 322.0
609.0 322.0
607.0 321.0
607.0 321.0
607.0 324.0
607.0 324.0
640.0 321.0
640.0 321.0
640.0 326.0
640.0 326.0
591.0 330.0
591.0 330.0
588.0 333.0
588.0 333.0
596.0 356.0
596.0 356.0
600.0 374.0
600.0 374.0
603.0 380.0
603.0 380.0
603.0 384.0
603.0 384.0
605.0 387.0
605.0 387.0
605.0 391.0
605.0 391.0
607.0 394.0
607.0 394.0
617.0 433.0
617.0 433.0
619.0 436.0
619.0 436.0
620.0 444.0
620.0 444.0
623.0 450.0
623.0 450.0
626.0 466.0
626.0 466.0
629.0 469.0
629.0 469.0
640.0 469.0
640.0 469.0
640.0 480.0
640.0 480.0
635.0 480.0
635.0 480.0
635.0 478.0
635.0 478.0
632.0 475.0
632.0 475.0
632.0 480.0
632.0 480.0
619.0 480.0
619.0 480.0
614.0 470.0
614.0 470.0
612.0 469.0
612.0 469.0
610.0 462.0
610.0 462.0
596.0 448.0
596.0 448.0
595.0 440.0
595.0 440.0
585.0 432.0
585.0 432.0
583.0 426.0
583.0 426.0
579.0 422.0
579.0 422.0
576.0 415.0
576.0 415.0
572.0 412.0
572.0 412.0
569.0 412.0
569.0 412.0
567.0 414.0
567.0 414.0
568.0 425.0
568.0 425.0
566.0 425.0
566.0 425.0
566.0 427.0
566.0 427.0
569.0 428.0
569.0 428.0
571.0 421.0
571.0 421.0
573.0 421.0
573.0 421.0
574.0 426.0
574.0 426.0
577.0 427.0
577.0 427.0
577.0 433.0
577.0 433.0
569.0 431.0
569.0 431.0
568.0 429.0
568.0 429.0
565.0 430.0
565.0 430.0
561.0 428.0
561.0 428.0
555.0 420.0
555.0 420.0
550.0 419.0
550.0 419.0
543.0 412.0
543.0 412.0
543.0 409.0
543.0 409.0
545.0 407.0
545.0 407.0
544.0 402.0
544.0 402.0
538.0 398.0
538.0 398.0
533.0 397.0
533.0 397.0
516.0 376.0
516.0 376.0
516.0 374.0
516.0 374.0
522.0 376.0
522.0 376.0
524.0 382.0
524.0 382.0
530.0 384.0
530.0 384.0
530.0 388.0
530.0 388.0
533.0 389.0
533.0 389.0
534.0 392.0
534.0 392.0
542.0 393.0
542.0 393.0
544.0 392.0
544.0 392.0
544.0 390.0
544.0 390.0
548.0 388.0
548.0 388.0
546.0 384.0
546.0 384.0
549.0 385.0
549.0 385.0
551.0 388.0
551.0 388.0
553.0 387.0
553.0 387.0
544.0 375.0
544.0 375.0
544.0 364.0
544.0 364.0
548.0 363.0
548.0 363.0
571.0 372.0
571.0 372.0
577.0 380.0
577.0 380.0
577.0 387.0
577.0 387.0
584.0 406.0
584.0 406.0
589.0 411.0
589.0 411.0
591.0 411.0
591.0 411.0
591.0 413.0
591.0 413.0
594.0 415.0
594.0 415.0
603.0 431.0
603.0 431.0
603.0 434.0
603.0 434.0
606.0 439.0
606.0 439.0
606.0 445.0
606.0 445.0
610.0 449.0
610.0 449.0
614.0 450.0
614.0 450.0
620.0 456.0
620.0 456.0
621.0 459.0
621.0 459.0
623.0 459.0
623.0 459.0
619.0 452.0
619.0 452.0
619.0 449.0
619.0 449.0
615.0 444.0
615.0 444.0
615.0 439.0
615.0 439.0
613.0 436.0
613.0 436.0
613.0 432.0
613.0 432.0
611.0 430.0
611.0 430.0
608.0 416.0
608.0 416.0
606.0 417.0
606.0 417.0
606.0 409.0
606.0 409.0
604.0 411.0
604.0 411.0
605.0 406.0
605.0 406.0
603.0 406.0
603.0 406.0
603.0 403.0
603.0 403.0
601.0 402.0
601.0 402.0
602.0 396.0
602.0 396.0
599.0 391.0
599.0 391.0
600.0 388.0
600.0 388.0
598.0 387.0
598.0 387.0
598.0 382.0
598.0 382.0
596.0 381.0
596.0 381.0
597.0 379.0
597.0 379.0
590.0 358.0
590.0 358.0
591.0 356.0
591.0 356.0
589.0 354.0
589.0 354.0
588.0 347.0
588.0 347.0
585.0 346.0
585.0 346.0
582.0 347.0
582.0 347.0
582.0 349.0
582.0 349.0
585.0 352.0
585.0 352.0
586.0 357.0
586.0 357.0
588.0 359.0
588.0 359.0
588.0 364.0
588.0 364.0
592.0 372.0
592.0 372.0
591.0 375.0
591.0 375.0
594.0 379.0
594.0 379.0
593.0 382.0
593.0 382.0
595.0 382.0
595.0 382.0
595.0 389.0
595.0 389.0
599.0 397.0
599.0 397.0
598.0 399.0
598.0 399.0
600.0 405.0
600.0 405.0
602.0 404.0
602.0 404.0
601.0 409.0
601.0 409.0
604.0 413.0
604.0 413.0
603.0 416.0
603.0 416.0
600.0 415.0
600.0 415.0
596.0 409.0
596.0 409.0
591.0 387.0
591.0 387.0
582.0 359.0
582.0 359.0
582.0 352.0
582.0 352.0
580.0 351.0
580.0 351.0
580.0 349.0
580.0 349.0
570.0 348.0
570.0 348.0
545.0 351.0
545.0 351.0
539.0 350.0
539.0 350.0
539.0 348.0
539.0 348.0
542.0 346.0
542.0 346.0
554.0 346.0
554.0 346.0
555.0 344.0
555.0 344.0
567.0 345.0
567.0 345.0
576.0 344.0
576.0 344.0
581.0 341.0
581.0 341.0
583.0 342.0
583.0 342.0
584.0 336.0
584.0 336.0
582.0 334.0
582.0 334.0
579.0 335.0
579.0 335.0
577.0 333.0
577.0 333.0
579.0 324.0
579.0 324.0
581.0 325.0
581.0 325.0
582.0 323.0
582.0 323.0
576.0 322.0
576.0 322.0
555.0 325.0
555.0 325.0
541.0 325.0
541.0 325.0
533.0 327.0
533.0 327.0
518.0 327.0
518.0 327.0
520.0 328.0
520.0 328.0
519.0 330.0
519.0 330.0
521.0 330.0
521.0 330.0
521.0 333.0
521.0 333.0
527.0 341.0
527.0 341.0
527.0 343.0
527.0 343.0
534.0 348.0
534.0 348.0
534.0 350.0
534.0 350.0
541.0 358.0
541.0 358.0
542.0 362.0
542.0 362.0
532.0 360.0
532.0 360.0
532.0 358.0
532.0 358.0
523.0 351.0
523.0 351.0
512.0 351.0
512.0 351.0
510.0 349.0
510.0 349.0
505.0 351.0
505.0 351.0
498.0 350.0
498.0 350.0
489.0 335.0
489.0 335.0
488.0 327.0
488.0 327.0
485.0 320.0
485.0 320.0
478.0 314.0
478.0 314.0
478.0 312.0
478.0 312.0
470.0 304.0
470.0 304.0
470.0 302.0
470.0 302.0
459.0 292.0
459.0 292.0
460.0 286.0
460.0 286.0
458.0 285.0
458.0 285.0
458.0 283.0
458.0 283.0
456.0 283.0
456.0 283.0
455.0 279.0
455.0 279.0
462.0 276.0
462.0 276.0
463.0 274.0


225

12
157.0 275.0
158.0 273.0
158.0 273.0
154.0 272.0
154.0 272.0
150.0 274.0
150.0 274.0
150.0 277.0
150.0 277.0
156.0 277.0
156.0 277.0
157.0 275.0


226

4
314.0 277.0
315.0 276.0
315.0 276.0
314.0 277.0


227

4
370.0 277.0
371.0 276.0
371.0 276.0
370.0 277.0


228

58
300.0 279.0
306.0 297.0
306.0 297.0
304.0 307.0
304.0 307.0
306.0 309.0
306.0 309.0
308.0 305.0
308.0 305.0
308.0 307.0
308.0 307.0
310.0 308.0
310.0 308.0
310.0 313.0
310.0 313.0
317.0 326.0
317.0 326.0
318.0 334.0
318.0 334.0
322.0 336.0
322.0 336.0
323.0 339.0
323.0 339.0
325.0 338.0
325.0 338.0
323.0 345.0
323.0 345.0
327.0 351.0
327.0 351.0
326.0 353.0
326.0 353.0
330.0 353.0
330.0 353.0
331.0 339.0
331.0 339.0
329.0 336.0
329.0 336.0
329.0 331.0
329.0 331.0
327.0 329.0
327.0 329.0
326.0 332.0
326.0 332.0
326.0 330.0
326.0 330.0
323.0 329.0
323.0 329.0
322.0 321.0
322.0 321.0
312.0 305.0
312.0 305.0
309.0 295.0
309.0 295.0
308.0 276.0
308.0 276.0
304.0 276.0
304.0 276.0
300.0 279.0


229

4
492.0 280.0
493.0 281.0
493.0 281.0
492.0 280.0


230

4
161.0 282.0
162.0 281.0
162.0 281.0
161.0 282.0


231

346
364.0 283.0
366.0 285.0
366.0 285.0
366.0 288.0
366.0 288.0
363.0 292.0
363.0 292.0
364.0 294.0
364.0 294.0
361.0 294.0
361.0 294.0
361.0 287.0
361.0 287.0
363.0 286.0
363.0 286.0
361.0 285.0
361.0 285.0
361.0 278.0
361.0 278.0
360.0 283.0
360.0 283.0
358.0 282.0
358.0 282.0
356.0 288.0
356.0 288.0
354.0 302.0
354.0 302.0
352.0 302.0
352.0 302.0
352.0 306.0
352.0 306.0
354.0 308.0
354.0 308.0
356.0 308.0
356.0 308.0
356.0 306.0
356.0 306.0
360.0 307.0
360.0 307.0
360.0 310.0
360.0 310.0
358.0 310.0
358.0 310.0
358.0 312.0
358.0 312.0
352.0 317.0
352.0 317.0
350.0 324.0
350.0 324.0
348.0 324.0
348.0 324.0
348.0 331.0
348.0 331.0
350.0 329.0
350.0 329.0
354.0 329.0
354.0 329.0
355.0 332.0
355.0 332.0
352.0 334.0
352.0 334.0
348.0 334.0
348.0 334.0
347.0 332.0
347.0 332.0
342.0 338.0
342.0 338.0
339.0 346.0
339.0 346.0
342.0 354.0
342.0 354.0
339.0 357.0
339.0 357.0
337.0 368.0
337.0 368.0
335.0 368.0
335.0 368.0
333.0 385.0
333.0 385.0
330.0 389.0
330.0 389.0
330.0 392.0
330.0 392.0
325.0 402.0
325.0 402.0
321.0 428.0
321.0 428.0
319.0 431.0
319.0 431.0
318.0 442.0
318.0 442.0
314.0 454.0
314.0 454.0
315.0 460.0
315.0 460.0
318.0 458.0
318.0 458.0
322.0 458.0
322.0 458.0
324.0 460.0
324.0 460.0
324.0 455.0
324.0 455.0
327.0 456.0
327.0 456.0
327.0 459.0
327.0 459.0
322.0 461.0
322.0 461.0
317.0 466.0
317.0 466.0
315.0 473.0
315.0 473.0
313.0 474.0
313.0 474.0
314.0 478.0
314.0 478.0
319.0 478.0
319.0 478.0
321.0 475.0
321.0 475.0
323.0 475.0
323.0 475.0
323.0 473.0
323.0 473.0
325.0 472.0
325.0 472.0
325.0 467.0
325.0 467.0
329.0 466.0
329.0 466.0
327.0 469.0
327.0 469.0
328.0 472.0
328.0 472.0
330.0 472.0
330.0 472.0
332.0 470.0
332.0 470.0
331.0 465.0
331.0 465.0
339.0 465.0
339.0 465.0
339.0 459.0
339.0 459.0
333.0 456.0
333.0 456.0
333.0 451.0
333.0 451.0
337.0 450.0
337.0 450.0
339.0 452.0
339.0 452.0
346.0 453.0
346.0 453.0
349.0 450.0
349.0 450.0
347.0 444.0
347.0 444.0
351.0 445.0
351.0 445.0
351.0 443.0
351.0 443.0
353.0 443.0
353.0 443.0
353.0 441.0
353.0 441.0
355.0 440.0
355.0 440.0
356.0 435.0
356.0 435.0
362.0 433.0
362.0 433.0
364.0 424.0
364.0 424.0
370.0 418.0
370.0 418.0
372.0 410.0
372.0 410.0
374.0 411.0
374.0 411.0
375.0 404.0
375.0 404.0
372.0 403.0
372.0 403.0
371.0 410.0
371.0 410.0
368.0 411.0
368.0 411.0
366.0 417.0
366.0 417.0
358.0 423.0
358.0 423.0
355.0 434.0
355.0 434.0
352.0 435.0
352.0 435.0
347.0 440.0
347.0 440.0
338.0 441.0
338.0 441.0
339.0 444.0
339.0 444.0
336.0 443.0
336.0 443.0
336.0 441.0
336.0 441.0
341.0 439.0
341.0 439.0
344.0 433.0
344.0 433.0
346.0 432.0
346.0 432.0
349.0 419.0
349.0 419.0
351.0 418.0
351.0 418.0
352.0 414.0
352.0 414.0
356.0 409.0
356.0 409.0
356.0 406.0
356.0 406.0
360.0 401.0
360.0 401.0
361.0 395.0
361.0 395.0
366.0 387.0
366.0 387.0
368.0 377.0
368.0 377.0
370.0 376.0
370.0 376.0
371.0 373.0
371.0 373.0
372.0 362.0
372.0 362.0
374.0 360.0
374.0 360.0
375.0 354.0
375.0 354.0
371.0 357.0
371.0 357.0
370.0 363.0
370.0 363.0
363.0 371.0
363.0 371.0
363.0 374.0
363.0 374.0
361.0 374.0
361.0 374.0
360.0 377.0
360.0 377.0
358.0 378.0
358.0 378.0
356.0 385.0
356.0 385.0
351.0 392.0
351.0 392.0
350.0 401.0
350.0 401.0
347.0 405.0
347.0 405.0
344.0 419.0
344.0 419.0
337.0 423.0
337.0 423.0
337.0 426.0
337.0 426.0
335.0 427.0
335.0 427.0
334.0 430.0
334.0 430.0
334.0 435.0
334.0 435.0
332.0 436.0
332.0 436.0
332.0 442.0
332.0 442.0
330.0 440.0
330.0 440.0
329.0 444.0
329.0 444.0
327.0 444.0
327.0 444.0
326.0 440.0
326.0 440.0
324.0 440.0
324.0 440.0
323.0 430.0
323.0 430.0
325.0 428.0
325.0 428.0
326.0 422.0
326.0 422.0
330.0 417.0
330.0 417.0
334.0 415.0
334.0 415.0
336.0 409.0
336.0 409.0
337.0 415.0
337.0 415.0
339.0 409.0
339.0 409.0
338.0 405.0
338.0 405.0
343.0 399.0
343.0 399.0
344.0 390.0
344.0 390.0
348.0 387.0
348.0 387.0
350.0 380.0
350.0 380.0
357.0 369.0
357.0 369.0
358.0 363.0
358.0 363.0
362.0 359.0
362.0 359.0
361.0 353.0
361.0 353.0
369.0 349.0
369.0 349.0
369.0 344.0
369.0 344.0
371.0 344.0
371.0 344.0
372.0 341.0
372.0 341.0
374.0 341.0
374.0 341.0
374.0 338.0
374.0 338.0
376.0 336.0
376.0 336.0
374.0 304.0
374.0 304.0
368.0 273.0
368.0 273.0
363.0 276.0
363.0 276.0
363.0 284.0
363.0 284.0
364.0 283.0


232

4
495.0 284.0
496.0 285.0
496.0 285.0
495.0 284.0


233

4
248.0 285.0
249.0 284.0
249.0 284.0
248.0 285.0


234

4
162.0 286.0
163.0 282.0
163.0 282.0
162.0 286.0


235

6
249.0 286.0
252.0 287.0
252.0 287.0
251.0 285.0
251.0 285.0
249.0 286.0


236

10
156.0 287.0
161.0 288.0
161.0 288.0
162.0 286.0
162.0 286.0
161.0 284.0
161.0 284.0
157.0 284.0
157.0 284.0
156.0 287.0


237

16
242.0 288.0
247.0 292.0
247.0 292.0
251.0 305.0
251.0 305.0
250.0 307.0
250.0 307.0
248.0 306.0
248.0 306.0
247.0 300.0
247.0 300.0
245.0 301.0
245.0 301.0
243.0 298.0
243.0 298.0
242.0 288.0


238

4
498.0 288.0
499.0 289.0
499.0 289.0
498.0 288.0


239

4
316.0 289.0
317.0 287.0
317.0 287.0
316.0 289.0


240

6
448.0 289.0
449.0 290.0
449.0 290.0
447.0 291.0
447.0 291.0
448.0 289.0


241

6
502.0 289.0
503.0 290.0
503.0 290.0
500.0 291.0
500.0 291.0
502.0 289.0


242

6
503.0 291.0
504.0 295.0
504.0 295.0
502.0 294.0
502.0 294.0
503.0 291.0


243

16
446.0 292.0
449.0 294.0
449.0 294.0
449.0 298.0
449.0 298.0
446.0 301.0
446.0 301.0
445.0 305.0
445.0 305.0
441.0 307.0
441.0 307.0
439.0 303.0
439.0 303.0
441.0 302.0
441.0 302.0
446.0 292.0


244

6
508.0 296.0
509.0 297.0
509.0 297.0
507.0 298.0
507.0 298.0
508.0 296.0


245

10
521.0 296.0
523.0 298.0
523.0 298.0
521.0 297.0
521.0 297.0
520.0 300.0
520.0 300.0
519.0 298.0
519.0 298.0
521.0 296.0


246

4
524.0 296.0
525.0 297.0
525.0 297.0
524.0 296.0


247

4
526.0 298.0
527.0 299.0
527.0 299.0
526.0 298.0


248

4
577.0 298.0
578.0 299.0
578.0 299.0
577.0 298.0


249

4
586.0 298.0
587.0 297.0
587.0 297.0
586.0 298.0


250

4
598.0 298.0
600.0 297.0
600.0 297.0
598.0 298.0


251

4
517.0 299.0
518.0 300.0
518.0 300.0
517.0 299.0


252

4
587.0 299.0
588.0 298.0
588.0 298.0
587.0 299.0


253

4
418.0 300.0
419.0 301.0
419.0 301.0
418.0 300.0


254

4
504.0 300.0
505.0 301.0
505.0 301.0
504.0 300.0


255

4
510.0 300.0
511.0 301.0
511.0 301.0
510.0 300.0


256

4
527.0 300.0
528.0 301.0
528.0 301.0
527.0 300.0


257

4
574.0 300.0
575.0 298.0
575.0 298.0
574.0 300.0


258

4
586.0 300.0
587.0 299.0
587.0 299.0
586.0 300.0


259

4
144.0 301.0
145.0 299.0
145.0 299.0
144.0 301.0


260

4
570.0 301.0
571.0 300.0
571.0 300.0
570.0 301.0


261

4
354.0 303.0
355.0 304.0
355.0 304.0
354.0 303.0


262

6
238.0 304.0
243.0 306.0
243.0 306.0
249.0 315.0
249.0 315.0
238.0 304.0


263

4
534.0 304.0
535.0 303.0
535.0 303.0
534.0 304.0


264

4
514.0 307.0
515.0 306.0
515.0 306.0
514.0 307.0


265

4
307.0 310.0
308.0 309.0
308.0 309.0
307.0 310.0


266

14
435.0 312.0
437.0 314.0
437.0 314.0
438.0 312.0
438.0 312.0
440.0 313.0
440.0 313.0
440.0 317.0
440.0 317.0
437.0 323.0
437.0 323.0
435.0 321.0
435.0 321.0
435.0 312.0


267

10
469.0 312.0
472.0 315.0
472.0 315.0
471.0 317.0
471.0 317.0
466.0 316.0
466.0 316.0
469.0 314.0
469.0 314.0
469.0 312.0


268

4
307.0 313.0
308.0 312.0
308.0 312.0
307.0 313.0


269

4
307.0 315.0
308.0 314.0
308.0 314.0
307.0 315.0


270

4
470.0 316.0
471.0 315.0
471.0 315.0
470.0 316.0


271

4
308.0 318.0
309.0 315.0
309.0 315.0
308.0 318.0


272

4
358.0 318.0
359.0 319.0
359.0 319.0
358.0 318.0


273

16
442.0 318.0
446.0 318.0
446.0 318.0
450.0 322.0
450.0 322.0
450.0 324.0
450.0 324.0
448.0 322.0
448.0 322.0
446.0 323.0
446.0 323.0
446.0 321.0
446.0 321.0
444.0 321.0
444.0 321.0
442.0 318.0


274

4
504.0 318.0
505.0 317.0
505.0 317.0
504.0 318.0


275

8
465.0 319.0
470.0 329.0
470.0 329.0
468.0 332.0
468.0 332.0
464.0 330.0
464.0 330.0
465.0 319.0


276

4
467.0 319.0
468.0 320.0
468.0 320.0
467.0 319.0


277

6
504.0 322.0
507.0 324.0
507.0 324.0
506.0 321.0
506.0 321.0
504.0 322.0


278

14
488.0 323.0
490.0 325.0
490.0 325.0
490.0 330.0
490.0 330.0
492.0 330.0
492.0 330.0
493.0 324.0
493.0 324.0
490.0 321.0
490.0 321.0
488.0 321.0
488.0 321.0
488.0 323.0


279

4
466.0 324.0
467.0 323.0
467.0 323.0
466.0 324.0


280

20
604.0 324.0
606.0 324.0
606.0 324.0
606.0 322.0
606.0 322.0
585.0 321.0
585.0 321.0
585.0 323.0
585.0 323.0
583.0 323.0
583.0 323.0
583.0 327.0
583.0 327.0
584.0 329.0
584.0 329.0
587.0 329.0
587.0 329.0
590.0 326.0
590.0 326.0
604.0 324.0


281

4
310.0 325.0
311.0 324.0
311.0 324.0
310.0 325.0


282

4
328.0 326.0
329.0 323.0
329.0 323.0
328.0 326.0


283

10
476.0 327.0
479.0 327.0
479.0 327.0
479.0 332.0
479.0 332.0
477.0 335.0
477.0 335.0
475.0 335.0
475.0 335.0
476.0 327.0


284

8
507.0 327.0
511.0 330.0
511.0 330.0
510.0 325.0
510.0 325.0
507.0 324.0
507.0 324.0
507.0 327.0


285

4
580.0 327.0
581.0 326.0
581.0 326.0
580.0 327.0


286

4
311.0 328.0
312.0 327.0
312.0 327.0
311.0 328.0


287

4
579.0 328.0
580.0 327.0
580.0 327.0
579.0 328.0


288

4
581.0 328.0
582.0 327.0
582.0 327.0
581.0 328.0


289

16
309.0 329.0
310.0 332.0
310.0 332.0
312.0 333.0
312.0 333.0
312.0 336.0
312.0 336.0
315.0 336.0
315.0 336.0
312.0 329.0
312.0 329.0
310.0 328.0
310.0 328.0
310.0 325.0
310.0 325.0
309.0 329.0


290

4
476.0 329.0
477.0 328.0
477.0 328.0
476.0 329.0


291

10
135.0 330.0
136.0 329.0
136.0 329.0
132.0 329.0
132.0 329.0
132.0 335.0
132.0 335.0
135.0 333.0
135.0 333.0
135.0 330.0


292

20
156.0 330.0
156.0 327.0
156.0 327.0
151.0 328.0
151.0 328.0
140.0 339.0
140.0 339.0
139.0 344.0
139.0 344.0
145.0 345.0
145.0 345.0
152.0 341.0
152.0 341.0
154.0 338.0
154.0 338.0
153.0 332.0
153.0 332.0
156.0 332.0
156.0 332.0
156.0 330.0


293

4
324.0 331.0
325.0 332.0
325.0 332.0
324.0 331.0


294

4
581.0 332.0
582.0 331.0
582.0 331.0
581.0 332.0


295

70
165.0 333.0
168.0 335.0
168.0 335.0
163.0 340.0
163.0 340.0
163.0 344.0
163.0 344.0
158.0 343.0
158.0 343.0
155.0 347.0
155.0 347.0
148.0 350.0
148.0 350.0
148.0 354.0
148.0 354.0
154.0 357.0
154.0 357.0
159.0 355.0
159.0 355.0
168.0 355.0
168.0 355.0
171.0 352.0
171.0 352.0
178.0 353.0
178.0 353.0
180.0 355.0
180.0 355.0
178.0 363.0
178.0 363.0
182.0 364.0
182.0 364.0
183.0 362.0
183.0 362.0
185.0 362.0
185.0 362.0
185.0 358.0
185.0 358.0
183.0 353.0
183.0 353.0
177.0 346.0
177.0 346.0
170.0 346.0
170.0 346.0
170.0 351.0
170.0 351.0
168.0 351.0
168.0 351.0
163.0 346.0
163.0 346.0
164.0 343.0
164.0 343.0
168.0 342.0
168.0 342.0
168.0 339.0
168.0 339.0
170.0 341.0
170.0 341.0
177.0 340.0
177.0 340.0
174.0 337.0
174.0 337.0
170.0 336.0
170.0 336.0
170.0 332.0
170.0 332.0
168.0 329.0
168.0 329.0
165.0 330.0
165.0 330.0
165.0 333.0


296

6
551.0 333.0
552.0 334.0
552.0 334.0
550.0 335.0
550.0 335.0
551.0 333.0


297

6
554.0 333.0
555.0 334.0
555.0 334.0
553.0 335.0
553.0 335.0
554.0 333.0


298

4
579.0 333.0
580.0 332.0
580.0 332.0
579.0 333.0


299

4
547.0 334.0
548.0 335.0
548.0 335.0
547.0 334.0


300

16
513.0 336.0
517.0 339.0
517.0 339.0
518.0 342.0
518.0 342.0
522.0 342.0
522.0 342.0
518.0 339.0
518.0 339.0
518.0 337.0
518.0 337.0
515.0 334.0
515.0 334.0
513.0 334.0
513.0 334.0
513.0 336.0


301

4
315.0 340.0
316.0 339.0
316.0 339.0
315.0 340.0


302

4
306.0 343.0
307.0 344.0
307.0 344.0
306.0 343.0


303

4
521.0 344.0
523.0 343.0
523.0 343.0
521.0 344.0


304

4
523.0 345.0
524.0 344.0
524.0 344.0
523.0 345.0


305

4
523.0 347.0
524.0 346.0
524.0 346.0
523.0 347.0


306

8
221.0 348.0
228.0 351.0
228.0 351.0
229.0 354.0
229.0 354.0
222.0 351.0
222.0 351.0
221.0 348.0


307

6
490.0 348.0
492.0 351.0
492.0 351.0
488.0 350.0
488.0 350.0
490.0 348.0


308

10
515.0 353.0
521.0 353.0
521.0 353.0
524.0 362.0
524.0 362.0
519.0 361.0
519.0 361.0
516.0 358.0
516.0 358.0
515.0 353.0


309

10
409.0 357.0
416.0 357.0
416.0 357.0
423.0 361.0
423.0 361.0
399.0 363.0
399.0 363.0
401.0 359.0
401.0 359.0
409.0 357.0


310

4
510.0 359.0
512.0 361.0
512.0 361.0
510.0 359.0


311

12
468.0 363.0
473.0 363.0
473.0 363.0
474.0 366.0
474.0 366.0
472.0 367.0
472.0 367.0
472.0 370.0
472.0 370.0
468.0 367.0
468.0 367.0
468.0 363.0


312

16
528.0 364.0
533.0 364.0
533.0 364.0
534.0 366.0
534.0 366.0
534.0 377.0
534.0 377.0
531.0 376.0
531.0 376.0
530.0 374.0
530.0 374.0
532.0 373.0
532.0 373.0
528.0 371.0
528.0 371.0
528.0 364.0


313

18
163.0 366.0
165.0 366.0
165.0 366.0
165.0 362.0
165.0 362.0
163.0 360.0
163.0 360.0
147.0 364.0
147.0 364.0
148.0 368.0
148.0 368.0
152.0 368.0
152.0 368.0
158.0 371.0
158.0 371.0
162.0 369.0
162.0 369.0
163.0 366.0


314

10
200.0 366.0
208.0 375.0
208.0 375.0
210.0 375.0
210.0 375.0
202.0 363.0
202.0 363.0
200.0 363.0
200.0 363.0
200.0 366.0


315

4
469.0 366.0
470.0 364.0
470.0 364.0
469.0 366.0


316

4
330.0 367.0
331.0 363.0
331.0 363.0
330.0 367.0


317

10
549.0 370.0
551.0 374.0
551.0 374.0
554.0 372.0
554.0 372.0
554.0 368.0
554.0 368.0
549.0 368.0
549.0 368.0
549.0 370.0


318

4
318.0 371.0
319.0 372.0
319.0 372.0
318.0 371.0


319

4
160.0 374.0
162.0 373.0
162.0 373.0
160.0 374.0


320

4
462.0 374.0
463.0 373.0
463.0 373.0
462.0 374.0


321

4
463.0 376.0
464.0 374.0
464.0 374.0
463.0 376.0


322

6
163.0 377.0
165.0 376.0
165.0 376.0
163.0 375.0
163.0 375.0
163.0 377.0


323

6
477.0 380.0
478.0 383.0
478.0 383.0
476.0 383.0
476.0 383.0
477.0 380.0


324

6
314.0 381.0
317.0 384.0
317.0 384.0
317.0 390.0
317.0 390.0
314.0 381.0


325

8
542.0 383.0
545.0 383.0
545.0 383.0
545.0 386.0
545.0 386.0
541.0 387.0
541.0 387.0
542.0 383.0


326

6
103.0 386.0
105.0 387.0
105.0 387.0
100.0 390.0
100.0 390.0
103.0 386.0


327

4
324.0 386.0
325.0 385.0
325.0 385.0
324.0 386.0


328

16
218.0 388.0
223.0 393.0
223.0 393.0
223.0 397.0
223.0 397.0
224.0 395.0
224.0 395.0
227.0 396.0
227.0 396.0
227.0 394.0
227.0 394.0
221.0 390.0
221.0 390.0
219.0 385.0
219.0 385.0
218.0 388.0


329

4
324.0 388.0
325.0 387.0
325.0 387.0
324.0 388.0


330

18
374.0 388.0
375.0 376.0
375.0 376.0
370.0 386.0
370.0 386.0
367.0 398.0
367.0 398.0
364.0 402.0
364.0 402.0
364.0 406.0
364.0 406.0
367.0 404.0
367.0 404.0
368.0 400.0
368.0 400.0
370.0 400.0
370.0 400.0
374.0 388.0


331

4
553.0 388.0
554.0 387.0
554.0 387.0
553.0 388.0


332

12
303.0 389.0
307.0 392.0
307.0 392.0
305.0 396.0
305.0 396.0
303.0 396.0
303.0 396.0
301.0 393.0
301.0 393.0
301.0 390.0
301.0 390.0
303.0 389.0


333

4
554.0 389.0
556.0 388.0
556.0 388.0
554.0 389.0


334

4
317.0 391.0
318.0 392.0
318.0 392.0
317.0 391.0


335

4
226.0 392.0
227.0 391.0
227.0 391.0
226.0 392.0


336

16
169.0 394.0
172.0 400.0
172.0 400.0
172.0 404.0
172.0 404.0
174.0 408.0
174.0 408.0
176.0 408.0
176.0 408.0
176.0 404.0
176.0 404.0
173.0 400.0
173.0 400.0
172.0 394.0
172.0 394.0
169.0 394.0


337

4
544.0 394.0
545.0 393.0
545.0 393.0
544.0 394.0


338

4
224.0 398.0
225.0 397.0
225.0 397.0
224.0 398.0


339

8
229.0 398.0
232.0 401.0
232.0 401.0
234.0 401.0
234.0 401.0
231.0 397.0
231.0 397.0
229.0 398.0


340

16
557.0 400.0
560.0 404.0
560.0 404.0
564.0 406.0
564.0 406.0
567.0 406.0
567.0 406.0
569.0 404.0
569.0 404.0
569.0 401.0
569.0 401.0
564.0 397.0
564.0 397.0
560.0 396.0
560.0 396.0
557.0 400.0


341

4
622.0 400.0
623.0 401.0
623.0 401.0
622.0 400.0


342

16
95.0 401.0
99.0 401.0
99.0 401.0
99.0 403.0
99.0 403.0
96.0 406.0
96.0 406.0
96.0 413.0
96.0 413.0
92.0 417.0
92.0 417.0
92.0 405.0
92.0 405.0
95.0 403.0
95.0 403.0
95.0 401.0


343

4
501.0 401.0
502.0 403.0
502.0 403.0
501.0 401.0


344

6
624.0 401.0
627.0 402.0
627.0 402.0
623.0 403.0
623.0 403.0
624.0 401.0


345

18
118.0 402.0
123.0 404.0
123.0 404.0
123.0 408.0
123.0 408.0
120.0 409.0
120.0 409.0
120.0 411.0
120.0 411.0
115.0 414.0
115.0 414.0
115.0 412.0
115.0 412.0
117.0 412.0
117.0 412.0
116.0 409.0
116.0 409.0
118.0 402.0


346

8
298.0 402.0
300.0 402.0
300.0 402.0
302.0 406.0
302.0 406.0
299.0 406.0
299.0 406.0
298.0 402.0


347

8
189.0 403.0
192.0 403.0
192.0 403.0
192.0 398.0
192.0 398.0
189.0 398.0
189.0 398.0
189.0 403.0


348

18
278.0 403.0
279.0 407.0
279.0 407.0
274.0 408.0
274.0 408.0
275.0 413.0
275.0 413.0
269.0 412.0
269.0 412.0
268.0 409.0
268.0 409.0
270.0 408.0
270.0 408.0
270.0 406.0
270.0 406.0
276.0 407.0
276.0 407.0
278.0 403.0


349

4
619.0 403.0
620.0 405.0
620.0 405.0
619.0 403.0


350

14
632.0 408.0
640.0 408.0
640.0 408.0
640.0 443.0
640.0 443.0
638.0 442.0
638.0 442.0
635.0 427.0
635.0 427.0
630.0 414.0
630.0 414.0
630.0 409.0
630.0 409.0
632.0 408.0


351

14
126.0 409.0
130.0 412.0
130.0 412.0
130.0 414.0
130.0 414.0
128.0 415.0
128.0 415.0
128.0 417.0
128.0 417.0
124.0 418.0
124.0 418.0
126.0 416.0
126.0 416.0
126.0 409.0


352

10
304.0 413.0
309.0 415.0
309.0 415.0
308.0 419.0
308.0 419.0
302.0 419.0
302.0 419.0
302.0 415.0
302.0 415.0
304.0 413.0


353

4
372.0 413.0
373.0 412.0
373.0 412.0
372.0 413.0


354

4
360.0 414.0
361.0 413.0
361.0 413.0
360.0 414.0


355

4
602.0 414.0
603.0 413.0
603.0 413.0
602.0 414.0


356

12
87.0 415.0
91.0 425.0
91.0 425.0
90.0 431.0
90.0 431.0
86.0 428.0
86.0 428.0
87.0 426.0
87.0 426.0
85.0 424.0
85.0 424.0
87.0 415.0


357

14
174.0 416.0
174.0 432.0
174.0 432.0
177.0 436.0
177.0 436.0
179.0 436.0
179.0 436.0
181.0 421.0
181.0 421.0
178.0 410.0
178.0 410.0
174.0 410.0
174.0 410.0
174.0 416.0


358

6
358.0 416.0
360.0 416.0
360.0 416.0
360.0 414.0
360.0 414.0
358.0 416.0


359

12
518.0 417.0
525.0 419.0
525.0 419.0
523.0 419.0
523.0 419.0
524.0 421.0
524.0 421.0
520.0 422.0
520.0 422.0
521.0 420.0
521.0 420.0
518.0 417.0


360

4
307.0 418.0
308.0 417.0
308.0 417.0
307.0 418.0


361

4
272.0 420.0
273.0 419.0
273.0 419.0
272.0 420.0


362

4
521.0 420.0
522.0 419.0
522.0 419.0
521.0 420.0


363

10
227.0 423.0
231.0 426.0
231.0 426.0
236.0 425.0
236.0 425.0
235.0 420.0
235.0 420.0
228.0 421.0
228.0 421.0
227.0 423.0


364

6
104.0 425.0
106.0 425.0
106.0 425.0
106.0 423.0
106.0 423.0
104.0 425.0


365

26
374.0 425.0
377.0 426.0
377.0 426.0
374.0 423.0
374.0 423.0
370.0 430.0
370.0 430.0
361.0 437.0
361.0 437.0
360.0 443.0
360.0 443.0
362.0 445.0
362.0 445.0
368.0 439.0
368.0 439.0
370.0 439.0
370.0 439.0
370.0 437.0
370.0 437.0
376.0 431.0
376.0 431.0
377.0 427.0
377.0 427.0
375.0 427.0
375.0 427.0
374.0 425.0


366

44
286.0 427.0
287.0 423.0
287.0 423.0
278.0 423.0
278.0 423.0
278.0 425.0
278.0 425.0
276.0 424.0
276.0 424.0
275.0 426.0
275.0 426.0
262.0 427.0
262.0 427.0
259.0 429.0
259.0 429.0
259.0 432.0
259.0 432.0
268.0 435.0
268.0 435.0
269.0 443.0
269.0 443.0
271.0 442.0
271.0 442.0
272.0 444.0
272.0 444.0
274.0 443.0
274.0 443.0
273.0 445.0
273.0 445.0
278.0 445.0
278.0 445.0
278.0 443.0
278.0 443.0
281.0 440.0
281.0 440.0
283.0 440.0
283.0 440.0
283.0 438.0
283.0 438.0
285.0 438.0
285.0 438.0
284.0 434.0
284.0 434.0
286.0 427.0


367

4
377.0 427.0
378.0 426.0
378.0 426.0
377.0 427.0


368

4
539.0 427.0
540.0 428.0
540.0 428.0
539.0 427.0


369

4
546.0 427.0
547.0 428.0
547.0 428.0
546.0 427.0


370

10
269.0 430.0
270.0 432.0
270.0 432.0
272.0 432.0
272.0 432.0
270.0 436.0
270.0 436.0
267.0 433.0
267.0 433.0
269.0 430.0


371

4
569.0 430.0
570.0 429.0
570.0 429.0
569.0 430.0


372

4
263.0 436.0
265.0 435.0
265.0 435.0
263.0 436.0


373

4
266.0 437.0
267.0 436.0
267.0 436.0
266.0 437.0


374

10
402.0 438.0
404.0 440.0
404.0 440.0
406.0 450.0
406.0 450.0
406.0 461.0
406.0 461.0
402.0 446.0
402.0 446.0
402.0 438.0


375

4
298.0 440.0
300.0 439.0
300.0 439.0
298.0 440.0


376

4
301.0 440.0
302.0 439.0
302.0 439.0
301.0 440.0


377

4
520.0 444.0
521.0 445.0
521.0 445.0
520.0 444.0


378

10
109.0 445.0
112.0 445.0
112.0 445.0
110.0 449.0
110.0 449.0
108.0 449.0
108.0 449.0
110.0 448.0
110.0 448.0
109.0 445.0


379

8
325.0 445.0
329.0 445.0
329.0 445.0
329.0 452.0
329.0 452.0
324.0 452.0
324.0 452.0
325.0 445.0


380

8
521.0 446.0
523.0 446.0
523.0 446.0
525.0 450.0
525.0 450.0
523.0 450.0
523.0 450.0
521.0 446.0


381

4
537.0 446.0
538.0 447.0
538.0 447.0
537.0 446.0


382

4
112.0 448.0
113.0 450.0
113.0 450.0
112.0 448.0


383

4
561.0 448.0
562.0 451.0
562.0 451.0
561.0 448.0


384

8
563.0 449.0
565.0 449.0
565.0 449.0
566.0 452.0
566.0 452.0
564.0 452.0
564.0 452.0
563.0 449.0


385

4
563.0 453.0
565.0 455.0
565.0 455.0
563.0 453.0


386

4
275.0 456.0
276.0 455.0
276.0 455.0
275.0 456.0


387

4
325.0 458.0
326.0 457.0
326.0 457.0
325.0 458.0


388

18
339.0 458.0
340.0 461.0
340.0 461.0
345.0 466.0
345.0 466.0
348.0 466.0
348.0 466.0
350.0 464.0
350.0 464.0
350.0 461.0
350.0 461.0
348.0 459.0
348.0 459.0
342.0 459.0
342.0 459.0
341.0 457.0
341.0 457.0
339.0 458.0


389

4
280.0 459.0
281.0 458.0
281.0 458.0
280.0 459.0


390

4
305.0 460.0
306.0 459.0
306.0 459.0
305.0 460.0


391

6
576.0 460.0
577.0 461.0
577.0 461.0
574.0 462.0
574.0 462.0
576.0 460.0


392

8
105.0 461.0
110.0 463.0
110.0 463.0
104.0 464.0
104.0 464.0
103.0 462.0
103.0 462.0
105.0 461.0


393

14
135.0 461.0
136.0 460.0
136.0 460.0
132.0 461.0
132.0 461.0
127.0 467.0
127.0 467.0
130.0 467.0
130.0 467.0
130.0 465.0
130.0 465.0
135.0 464.0
135.0 464.0
135.0 461.0


394

8
314.0 461.0
315.0 460.0
315.0 460.0
313.0 460.0
313.0 460.0
313.0 462.0
313.0 462.0
314.0 461.0


395

4
571.0 461.0
573.0 462.0
573.0 462.0
571.0 461.0


396

4
304.0 462.0
306.0 461.0
306.0 461.0
304.0 462.0


397

4
537.0 462.0
538.0 463.0
538.0 463.0
537.0 462.0


398

4
577.0 462.0
578.0 463.0
578.0 463.0
577.0 462.0


399

4
303.0 463.0
304.0 462.0
304.0 462.0
303.0 463.0


400

4
312.0 463.0
313.0 462.0
313.0 462.0
312.0 463.0


401

4
575.0 463.0
576.0 464.0
576.0 464.0
575.0 463.0


402

4
304.0 464.0
305.0 463.0
305.0 463.0
304.0 464.0


403

16
536.0 464.0
540.0 464.0
540.0 464.0
541.0 466.0
541.0 466.0
543.0 466.0
543.0 466.0
543.0 470.0
543.0 470.0
545.0 470.0
545.0 470.0
545.0 472.0
545.0 472.0
540.0 470.0
540.0 470.0
536.0 464.0


404

30
274.0 465.0
275.0 464.0
275.0 464.0
272.0 462.0
272.0 462.0
267.0 463.0
267.0 463.0
266.0 465.0
266.0 465.0
263.0 466.0
263.0 466.0
262.0 470.0
262.0 470.0
265.0 470.0
265.0 470.0
267.0 473.0
267.0 473.0
276.0 473.0
276.0 473.0
278.0 471.0
278.0 471.0
278.0 467.0
278.0 467.0
276.0 467.0
276.0 467.0
275.0 469.0
275.0 469.0
276.0 466.0
276.0 466.0
274.0 465.0


405

10
301.0 466.0
302.0 465.0
302.0 465.0
297.0 467.0
297.0 467.0
298.0 470.0
298.0 470.0
302.0 469.0
302.0 469.0
301.0 466.0


406

4
302.0 467.0
303.0 466.0
303.0 466.0
302.0 467.0


407

4
296.0 469.0
297.0 468.0
297.0 468.0
296.0 469.0


408

4
275.0 470.0
276.0 471.0
276.0 471.0
275.0 470.0


409

4
326.0 470.0
327.0 469.0
327.0 469.0
326.0 470.0


410

4
325.0 471.0
326.0 470.0
326.0 470.0
325.0 471.0


411

4
547.0 474.0
548.0 475.0
548.0 475.0
547.0 474.0


412

14
547.0 476.0
551.0 476.0
551.0 476.0
552.0 480.0
552.0 480.0
545.0 480.0
545.0 480.0
545.0 478.0
545.0 478.0
550.0 479.0
550.0 479.0
550.0 477.0
550.0 477.0
547.0 476.0


413

8
578.0 476.0
581.0 477.0
581.0 477.0
582.0 479.0
582.0 479.0
575.0 480.0
575.0 480.0
578.0 476.0


414

4
405.0 477.0
406.0 476.0
406.0 476.0
405.0 477.0


415

4
531.0 479.0
532.0 478.0
532.0 478.0
531.0 479.0


416

4
553.0 479.0
554.0 480.0
554.0 480.0
553.0 479.0


