1

342
0.0 0.0
119.0 0.0
119.0 0.0
126.0 4.0
126.0 4.0
126.0 14.0
126.0 14.0
134.0 16.0
134.0 16.0
123.0 18.0
123.0 18.0
131.0 28.0
131.0 28.0
128.0 40.0
128.0 40.0
141.0 39.0
141.0 39.0
139.0 47.0
139.0 47.0
143.0 44.0
143.0 44.0
144.0 50.0
144.0 50.0
153.0 52.0
153.0 52.0
151.0 60.0
151.0 60.0
157.0 56.0
157.0 56.0
163.0 61.0
163.0 61.0
156.0 63.0
156.0 63.0
158.0 67.0
158.0 67.0
168.0 64.0
168.0 64.0
168.0 70.0
168.0 70.0
161.0 66.0
161.0 66.0
161.0 71.0
161.0 71.0
174.0 77.0
174.0 77.0
175.0 86.0
175.0 86.0
188.0 87.0
188.0 87.0
190.0 97.0
190.0 97.0
194.0 94.0
194.0 94.0
201.0 104.0
201.0 104.0
214.0 104.0
214.0 104.0
211.0 109.0
211.0 109.0
222.0 113.0
222.0 113.0
216.0 115.0
216.0 115.0
219.0 120.0
219.0 120.0
230.0 118.0
230.0 118.0
232.0 125.0
232.0 125.0
259.0 137.0
259.0 137.0
280.0 140.0
280.0 140.0
300.0 156.0
300.0 156.0
350.0 178.0
350.0 178.0
446.0 143.0
446.0 143.0
444.0 156.0
444.0 156.0
439.0 155.0
439.0 155.0
433.0 168.0
433.0 168.0
436.0 176.0
436.0 176.0
422.0 189.0
422.0 189.0
419.0 210.0
419.0 210.0
427.0 213.0
427.0 213.0
421.0 217.0
421.0 217.0
430.0 216.0
430.0 216.0
386.0 233.0
386.0 233.0
391.0 237.0
391.0 237.0
428.0 224.0
428.0 224.0
440.0 325.0
440.0 325.0
411.0 322.0
411.0 322.0
409.0 331.0
409.0 331.0
388.0 317.0
388.0 317.0
386.0 290.0
386.0 290.0
394.0 293.0
394.0 293.0
403.0 273.0
403.0 273.0
402.0 254.0
402.0 254.0
393.0 242.0
393.0 242.0
425.0 229.0
425.0 229.0
388.0 240.0
388.0 240.0
383.0 270.0
383.0 270.0
372.0 244.0
372.0 244.0
356.0 226.0
356.0 226.0
356.0 215.0
356.0 215.0
344.0 204.0
344.0 204.0
282.0 228.0
282.0 228.0
284.0 254.0
284.0 254.0
306.0 264.0
306.0 264.0
310.0 307.0
310.0 307.0
323.0 317.0
323.0 317.0
320.0 332.0
320.0 332.0
360.0 329.0
360.0 329.0
334.0 337.0
334.0 337.0
331.0 344.0
331.0 344.0
327.0 341.0
327.0 341.0
338.0 354.0
338.0 354.0
336.0 374.0
336.0 374.0
363.0 375.0
363.0 375.0
376.0 360.0
376.0 360.0
360.0 382.0
360.0 382.0
360.0 396.0
360.0 396.0
348.0 399.0
348.0 399.0
338.0 411.0
338.0 411.0
322.0 404.0
322.0 404.0
332.0 432.0
332.0 432.0
351.0 445.0
351.0 445.0
362.0 446.0
362.0 446.0
360.0 436.0
360.0 436.0
379.0 414.0
379.0 414.0
390.0 368.0
390.0 368.0
387.0 340.0
387.0 340.0
392.0 352.0
392.0 352.0
390.0 389.0
390.0 389.0
395.0 379.0
395.0 379.0
398.0 359.0
398.0 359.0
388.0 319.0
388.0 319.0
402.0 332.0
402.0 332.0
406.0 373.0
406.0 373.0
386.0 480.0
386.0 480.0
379.0 457.0
379.0 457.0
396.0 419.0
396.0 419.0
395.0 398.0
395.0 398.0
384.0 430.0
384.0 430.0
379.0 436.0
379.0 436.0
377.0 431.0
377.0 431.0
376.0 445.0
376.0 445.0
355.0 463.0
355.0 463.0
372.0 480.0
372.0 480.0
341.0 480.0
341.0 480.0
326.0 456.0
326.0 456.0
331.0 480.0
331.0 480.0
307.0 480.0
307.0 480.0
305.0 447.0
305.0 447.0
301.0 454.0
301.0 454.0
295.0 441.0
295.0 441.0
288.0 448.0
288.0 448.0
290.0 480.0
290.0 480.0
245.0 480.0
245.0 480.0
242.0 471.0
242.0 471.0
203.0 438.0
203.0 438.0
202.0 448.0
202.0 448.0
217.0 461.0
217.0 461.0
186.0 446.0
186.0 446.0
226.0 480.0
226.0 480.0
188.0 455.0
188.0 455.0
191.0 467.0
191.0 467.0
207.0 480.0
207.0 480.0
192.0 475.0
192.0 475.0
192.0 480.0
192.0 480.0
153.0 480.0
153.0 480.0
172.0 441.0
172.0 441.0
193.0 243.0
193.0 243.0
203.0 216.0
203.0 216.0
210.0 217.0
210.0 217.0
210.0 227.0
210.0 227.0
191.0 403.0
191.0 403.0
228.0 351.0
228.0 351.0
279.0 333.0
279.0 333.0
261.0 292.0
261.0 292.0
249.0 224.0
249.0 224.0
228.0 212.0
228.0 212.0
214.0 180.0
214.0 180.0
207.0 181.0
207.0 181.0
204.0 171.0
204.0 171.0
194.0 170.0
194.0 170.0
192.0 162.0
192.0 162.0
176.0 155.0
176.0 155.0
171.0 148.0
171.0 148.0
175.0 145.0
175.0 145.0
164.0 143.0
164.0 143.0
162.0 137.0
162.0 137.0
144.0 130.0
144.0 130.0
130.0 132.0
130.0 132.0
131.0 122.0
131.0 122.0
123.0 124.0
123.0 124.0
113.0 113.0
113.0 113.0
82.0 106.0
82.0 106.0
74.0 98.0
74.0 98.0
64.0 96.0
64.0 96.0
63.0 101.0
63.0 101.0
62.0 96.0
62.0 96.0
62.0 101.0
62.0 101.0
47.0 103.0
47.0 103.0
31.0 94.0
31.0 94.0
17.0 96.0
17.0 96.0
17.0 83.0
17.0 83.0
2.0 82.0
2.0 82.0
0.0 75.0
0.0 75.0
0.0 0.0


2

2
122.0 0.0
122.0 0.0


3

2
135.0 12.0
135.0 12.0


4

2
124.0 16.0
124.0 16.0


5

2
124.0 24.0
124.0 24.0


6

2
127.0 28.0
127.0 28.0


7

2
135.0 30.0
135.0 30.0


8

2
125.0 32.0
125.0 32.0


9

2
115.0 33.0
115.0 33.0


10

2
120.0 33.0
120.0 33.0


11

2
146.0 35.0
146.0 35.0


12

2
134.0 44.0
134.0 44.0


13

2
152.0 46.0
152.0 46.0


14

4
146.0 55.0
151.0 56.0
151.0 56.0
146.0 55.0


15

2
158.0 71.0
158.0 71.0


16

2
26.0 73.0
26.0 73.0


17

2
174.0 73.0
174.0 73.0


18

2
160.0 74.0
160.0 74.0


19

2
162.0 74.0
162.0 74.0


20

2
165.0 75.0
165.0 75.0


21

2
168.0 78.0
168.0 78.0


22

2
22.0 87.0
22.0 87.0


23

2
192.0 90.0
192.0 90.0


24

2
15.0 95.0
15.0 95.0


25

2
26.0 96.0
26.0 96.0


26

2
61.0 96.0
61.0 96.0


27

2
57.0 98.0
57.0 98.0


28

2
79.0 100.0
79.0 100.0


29

2
204.0 100.0
204.0 100.0


30

2
48.0 104.0
48.0 104.0


31

2
89.0 104.0
89.0 104.0


32

2
199.0 105.0
199.0 105.0


33

2
199.0 110.0
199.0 110.0


34

2
215.0 112.0
215.0 112.0


35

2
216.0 113.0
216.0 113.0


36

2
231.0 115.0
231.0 115.0


37

2
221.0 116.0
221.0 116.0


38

2
120.0 118.0
120.0 118.0


39

2
231.0 126.0
231.0 126.0


40

2
234.0 128.0
234.0 128.0


41

2
263.0 132.0
263.0 132.0


42

2
148.0 135.0
148.0 135.0


43

2
151.0 136.0
151.0 136.0


44

2
451.0 141.0
451.0 141.0


45

2
168.0 142.0
168.0 142.0


46

2
447.0 143.0
447.0 143.0


47

2
170.0 144.0
170.0 144.0


48

2
278.0 144.0
278.0 144.0


49

2
447.0 147.0
447.0 147.0


50

2
439.0 149.0
439.0 149.0


51

2
443.0 149.0
443.0 149.0


52

2
168.0 150.0
168.0 150.0


53

2
440.0 150.0
440.0 150.0


54

2
446.0 150.0
446.0 150.0


55

2
435.0 151.0
435.0 151.0


56

2
439.0 151.0
439.0 151.0


57

2
438.0 152.0
438.0 152.0


58

2
441.0 152.0
441.0 152.0


59

2
436.0 156.0
436.0 156.0


60

2
440.0 157.0
440.0 157.0


61

2
544.0 158.0
544.0 158.0


62

2
310.0 161.0
310.0 161.0


63

2
440.0 161.0
440.0 161.0


64

6
533.0 162.0
538.0 163.0
538.0 163.0
530.0 165.0
530.0 165.0
533.0 162.0


65

2
537.0 164.0
537.0 164.0


66

2
526.0 165.0
526.0 165.0


67

2
523.0 166.0
523.0 166.0


68

4
519.0 167.0
515.0 170.0
515.0 170.0
519.0 167.0


69

2
527.0 167.0
527.0 167.0


70

2
200.0 169.0
200.0 169.0


71

2
522.0 169.0
522.0 169.0


72

2
325.0 170.0
325.0 170.0


73

2
507.0 172.0
507.0 172.0


74

2
343.0 173.0
343.0 173.0


75

6
481.0 173.0
493.0 178.0
493.0 178.0
492.0 186.0
492.0 186.0
481.0 173.0


76

2
510.0 173.0
510.0 173.0


77

2
500.0 174.0
500.0 174.0


78

4
504.0 174.0
509.0 176.0
509.0 176.0
504.0 174.0


79

4
430.0 175.0
433.0 172.0
433.0 172.0
430.0 175.0


80

2
213.0 176.0
213.0 176.0


81

2
215.0 178.0
215.0 178.0


82

2
216.0 179.0
216.0 179.0


83

2
211.0 181.0
211.0 181.0


84

2
496.0 184.0
496.0 184.0


85

2
429.0 185.0
429.0 185.0


86

2
429.0 188.0
429.0 188.0


87

2
488.0 189.0
488.0 189.0


88

2
419.0 190.0
419.0 190.0


89

2
425.0 190.0
425.0 190.0


90

2
416.0 192.0
416.0 192.0


91

2
223.0 193.0
223.0 193.0


92

2
227.0 193.0
227.0 193.0


93

2
224.0 197.0
224.0 197.0


94

4
232.0 199.0
233.0 195.0
233.0 195.0
232.0 199.0


95

2
419.0 199.0
419.0 199.0


96

2
219.0 200.0
219.0 200.0


97

2
223.0 201.0
223.0 201.0


98

2
222.0 203.0
222.0 203.0


99

2
220.0 204.0
220.0 204.0


100

2
223.0 208.0
223.0 208.0


101

2
230.0 209.0
230.0 209.0


102

2
233.0 209.0
233.0 209.0


103

2
235.0 209.0
235.0 209.0


104

2
228.0 211.0
228.0 211.0


105

2
418.0 211.0
418.0 211.0


106

2
230.0 212.0
230.0 212.0


107

2
423.0 212.0
423.0 212.0


108

2
236.0 213.0
236.0 213.0


109

2
234.0 214.0
234.0 214.0


110

2
420.0 214.0
420.0 214.0


111

2
239.0 215.0
239.0 215.0


112

2
238.0 217.0
238.0 217.0


113

2
415.0 217.0
415.0 217.0


114

150
509.0 217.0
619.0 221.0
619.0 221.0
640.0 227.0
640.0 227.0
639.0 235.0
639.0 235.0
622.0 227.0
622.0 227.0
572.0 226.0
572.0 226.0
578.0 261.0
578.0 261.0
570.0 306.0
570.0 306.0
551.0 317.0
551.0 317.0
507.0 316.0
507.0 316.0
488.0 306.0
488.0 306.0
484.0 357.0
484.0 357.0
486.0 374.0
486.0 374.0
506.0 374.0
506.0 374.0
512.0 371.0
512.0 371.0
512.0 354.0
512.0 354.0
523.0 343.0
523.0 343.0
527.0 344.0
527.0 344.0
522.0 347.0
522.0 347.0
567.0 344.0
567.0 344.0
566.0 371.0
566.0 371.0
571.0 373.0
571.0 373.0
590.0 342.0
590.0 342.0
558.0 341.0
558.0 341.0
582.0 339.0
582.0 339.0
583.0 265.0
583.0 265.0
599.0 250.0
599.0 250.0
638.0 252.0
638.0 252.0
640.0 341.0
640.0 341.0
605.0 341.0
605.0 341.0
640.0 342.0
640.0 342.0
640.0 421.0
640.0 421.0
609.0 423.0
609.0 423.0
604.0 432.0
604.0 432.0
618.0 456.0
618.0 456.0
640.0 461.0
640.0 461.0
640.0 480.0
640.0 480.0
608.0 480.0
608.0 480.0
606.0 475.0
606.0 475.0
601.0 475.0
601.0 475.0
604.0 480.0
604.0 480.0
580.0 480.0
580.0 480.0
572.0 472.0
572.0 472.0
572.0 452.0
572.0 452.0
588.0 423.0
588.0 423.0
591.0 368.0
591.0 368.0
581.0 369.0
581.0 369.0
572.0 384.0
572.0 384.0
495.0 385.0
495.0 385.0
492.0 463.0
492.0 463.0
496.0 470.0
496.0 470.0
499.0 466.0
499.0 466.0
499.0 480.0
499.0 480.0
409.0 480.0
409.0 480.0
412.0 442.0
412.0 442.0
403.0 421.0
403.0 421.0
415.0 326.0
415.0 326.0
415.0 340.0
415.0 340.0
427.0 329.0
427.0 329.0
420.0 338.0
420.0 338.0
408.0 419.0
408.0 419.0
416.0 439.0
416.0 439.0
423.0 376.0
423.0 376.0
431.0 405.0
431.0 405.0
428.0 359.0
428.0 359.0
441.0 336.0
441.0 336.0
446.0 451.0
446.0 451.0
445.0 415.0
445.0 415.0
456.0 368.0
456.0 368.0
468.0 347.0
468.0 347.0
458.0 374.0
458.0 374.0
464.0 370.0
464.0 370.0
472.0 349.0
472.0 349.0
477.0 239.0
477.0 239.0
486.0 224.0
486.0 224.0
509.0 217.0


115

2
241.0 218.0
241.0 218.0


116

2
418.0 219.0
418.0 219.0


117

4
571.0 223.0
630.0 226.0
630.0 226.0
571.0 223.0


118

2
631.0 226.0
631.0 226.0


119

24
516.0 234.0
527.0 235.0
527.0 235.0
532.0 252.0
532.0 252.0
519.0 270.0
519.0 270.0
503.0 277.0
503.0 277.0
524.0 274.0
524.0 274.0
538.0 254.0
538.0 254.0
565.0 262.0
565.0 262.0
565.0 244.0
565.0 244.0
555.0 237.0
555.0 237.0
552.0 247.0
552.0 247.0
549.0 234.0
549.0 234.0
516.0 234.0


120

4
518.0 237.0
522.0 238.0
522.0 238.0
518.0 237.0


121

6
543.0 237.0
547.0 251.0
547.0 251.0
540.0 248.0
540.0 248.0
543.0 237.0


122

2
552.0 237.0
552.0 237.0


123

20
343.0 246.0
360.0 251.0
360.0 251.0
336.0 259.0
336.0 259.0
349.0 258.0
349.0 258.0
342.0 262.0
342.0 262.0
359.0 266.0
359.0 266.0
344.0 271.0
344.0 271.0
344.0 278.0
344.0 278.0
333.0 278.0
333.0 278.0
314.0 260.0
314.0 260.0
343.0 246.0


124

4
393.0 248.0
399.0 257.0
399.0 257.0
393.0 248.0


125

2
500.0 250.0
500.0 250.0


126

2
511.0 252.0
511.0 252.0


127

4
500.0 255.0
507.0 262.0
507.0 262.0
500.0 255.0


128

2
543.0 256.0
543.0 256.0


129

4
350.0 258.0
358.0 262.0
358.0 262.0
350.0 258.0


130

18
621.0 258.0
625.0 261.0
625.0 261.0
615.0 266.0
615.0 266.0
614.0 274.0
614.0 274.0
620.0 267.0
620.0 267.0
631.0 267.0
631.0 267.0
626.0 261.0
626.0 261.0
635.0 260.0
635.0 260.0
632.0 255.0
632.0 255.0
621.0 258.0


131

2
507.0 263.0
507.0 263.0


132

4
387.0 264.0
396.0 271.0
396.0 271.0
387.0 264.0


133

2
508.0 264.0
508.0 264.0


134

2
350.0 270.0
350.0 270.0


135

6
504.0 270.0
495.0 263.0
495.0 263.0
494.0 274.0
494.0 274.0
504.0 270.0


136

4
338.0 271.0
342.0 269.0
342.0 269.0
338.0 271.0


137

2
516.0 274.0
516.0 274.0


138

2
599.0 287.0
599.0 287.0


139

26
625.0 287.0
604.0 286.0
604.0 286.0
604.0 296.0
604.0 296.0
610.0 294.0
610.0 294.0
611.0 302.0
611.0 302.0
604.0 299.0
604.0 299.0
603.0 337.0
603.0 337.0
629.0 338.0
629.0 338.0
629.0 325.0
629.0 325.0
620.0 328.0
620.0 328.0
628.0 317.0
628.0 317.0
622.0 291.0
622.0 291.0
632.0 293.0
632.0 293.0
625.0 287.0


140

12
562.0 293.0
558.0 290.0
558.0 290.0
543.0 303.0
543.0 303.0
550.0 306.0
550.0 306.0
514.0 306.0
514.0 306.0
551.0 307.0
551.0 307.0
562.0 293.0


141

4
600.0 295.0
601.0 289.0
601.0 289.0
600.0 295.0


142

2
526.0 301.0
526.0 301.0


143

2
525.0 302.0
525.0 302.0


144

2
539.0 303.0
539.0 303.0


145

2
542.0 303.0
542.0 303.0


146

6
328.0 309.0
331.0 312.0
331.0 312.0
324.0 312.0
324.0 312.0
328.0 309.0


147

2
638.0 309.0
638.0 309.0


148

2
638.0 313.0
638.0 313.0


149

2
611.0 320.0
611.0 320.0


150

2
402.0 323.0
402.0 323.0


151

2
403.0 324.0
403.0 324.0


152

2
404.0 325.0
404.0 325.0


153

2
402.0 330.0
402.0 330.0


154

4
403.0 332.0
406.0 338.0
406.0 338.0
403.0 332.0


155

4
598.0 335.0
600.0 323.0
600.0 323.0
598.0 335.0


156

2
632.0 337.0
632.0 337.0


157

8
451.0 339.0
451.0 359.0
451.0 359.0
459.0 347.0
459.0 347.0
443.0 412.0
443.0 412.0
451.0 339.0


158

2
401.0 341.0
401.0 341.0


159

6
541.0 341.0
556.0 342.0
556.0 342.0
534.0 343.0
534.0 343.0
541.0 341.0


160

4
604.0 347.0
609.0 346.0
609.0 346.0
604.0 347.0


161

2
381.0 348.0
381.0 348.0


162

2
415.0 348.0
415.0 348.0


163

2
616.0 348.0
616.0 348.0


164

2
620.0 348.0
620.0 348.0


165

6
608.0 349.0
624.0 355.0
624.0 355.0
614.0 346.0
614.0 346.0
608.0 349.0


166

2
613.0 349.0
613.0 349.0


167

2
618.0 349.0
618.0 349.0


168

2
620.0 351.0
620.0 351.0


169

2
624.0 351.0
624.0 351.0


170

2
379.0 352.0
379.0 352.0


171

2
628.0 352.0
628.0 352.0


172

2
432.0 353.0
432.0 353.0


173

2
631.0 353.0
631.0 353.0


174

4
414.0 354.0
412.0 358.0
412.0 358.0
414.0 354.0


175

4
627.0 354.0
631.0 353.0
631.0 353.0
627.0 354.0


176

2
632.0 354.0
632.0 354.0


177

2
625.0 355.0
625.0 355.0


178

2
631.0 355.0
631.0 355.0


179

6
518.0 360.0
516.0 349.0
516.0 349.0
514.0 376.0
514.0 376.0
518.0 360.0


180

2
599.0 360.0
599.0 360.0


181

6
591.0 364.0
590.0 359.0
590.0 359.0
588.0 367.0
588.0 367.0
591.0 364.0


182

2
598.0 364.0
598.0 364.0


183

26
605.0 365.0
612.0 370.0
612.0 370.0
604.0 370.0
604.0 370.0
603.0 391.0
603.0 391.0
609.0 395.0
609.0 395.0
601.0 403.0
601.0 403.0
604.0 414.0
604.0 414.0
609.0 409.0
609.0 409.0
611.0 415.0
611.0 415.0
616.0 367.0
616.0 367.0
625.0 366.0
625.0 366.0
625.0 360.0
625.0 360.0
606.0 358.0
606.0 358.0
605.0 365.0


184

6
634.0 368.0
636.0 386.0
636.0 386.0
635.0 364.0
635.0 364.0
634.0 368.0


185

2
613.0 373.0
613.0 373.0


186

8
470.0 374.0
471.0 367.0
471.0 367.0
461.0 411.0
461.0 411.0
469.0 406.0
469.0 406.0
470.0 374.0


187

2
463.0 375.0
463.0 375.0


188

4
520.0 375.0
522.0 367.0
522.0 367.0
520.0 375.0


189

8
530.0 376.0
556.0 378.0
556.0 378.0
558.0 363.0
558.0 363.0
532.0 360.0
532.0 360.0
530.0 376.0


190

2
615.0 376.0
615.0 376.0


191

6
496.0 378.0
539.0 384.0
539.0 384.0
571.0 381.0
571.0 381.0
496.0 378.0


192

6
462.0 379.0
463.0 375.0
463.0 375.0
459.0 383.0
459.0 383.0
462.0 379.0


193

2
401.0 381.0
401.0 381.0


194

4
526.0 383.0
530.0 382.0
530.0 382.0
526.0 383.0


195

2
535.0 383.0
535.0 383.0


196

2
544.0 383.0
544.0 383.0


197

2
565.0 383.0
565.0 383.0


198

2
231.0 384.0
231.0 384.0


199

2
400.0 384.0
400.0 384.0


200

2
457.0 384.0
457.0 384.0


201

2
533.0 384.0
533.0 384.0


202

2
558.0 384.0
558.0 384.0


203

2
563.0 384.0
563.0 384.0


204

2
619.0 384.0
619.0 384.0


205

2
233.0 385.0
233.0 385.0


206

2
387.0 385.0
387.0 385.0


207

2
457.0 387.0
457.0 387.0


208

4
0.0 388.0
2.0 395.0
2.0 395.0
0.0 388.0


209

16
10.0 389.0
15.0 395.0
15.0 395.0
20.0 390.0
20.0 390.0
22.0 400.0
22.0 400.0
25.0 391.0
25.0 391.0
34.0 392.0
34.0 392.0
31.0 403.0
31.0 403.0
6.0 399.0
6.0 399.0
10.0 389.0


210

2
399.0 389.0
399.0 389.0


211

6
219.0 390.0
221.0 401.0
221.0 401.0
259.0 428.0
259.0 428.0
219.0 390.0


212

4
490.0 391.0
491.0 385.0
491.0 385.0
490.0 391.0


213

2
398.0 392.0
398.0 392.0


214

2
29.0 394.0
29.0 394.0


215

6
386.0 394.0
387.0 385.0
387.0 385.0
381.0 402.0
381.0 402.0
386.0 394.0


216

2
397.0 394.0
397.0 394.0


217

2
14.0 397.0
14.0 397.0


218

2
395.0 398.0
395.0 398.0


219

2
423.0 399.0
423.0 399.0


220

2
450.0 401.0
450.0 401.0


221

2
489.0 401.0
489.0 401.0


222

2
204.0 403.0
204.0 403.0


223

2
213.0 403.0
213.0 403.0


224

8
424.0 405.0
424.0 433.0
424.0 433.0
432.0 453.0
432.0 453.0
426.0 400.0
426.0 400.0
424.0 405.0


225

24
3.0 406.0
9.0 412.0
9.0 412.0
11.0 407.0
11.0 407.0
31.0 411.0
31.0 411.0
63.0 406.0
63.0 406.0
79.0 413.0
79.0 413.0
95.0 443.0
95.0 443.0
98.0 474.0
98.0 474.0
0.0 468.0
0.0 468.0
0.0 423.0
0.0 423.0
8.0 421.0
8.0 421.0
0.0 420.0
0.0 420.0
3.0 406.0


226

20
207.0 406.0
239.0 437.0
239.0 437.0
248.0 458.0
248.0 458.0
206.0 410.0
206.0 410.0
203.0 430.0
203.0 430.0
253.0 474.0
253.0 474.0
252.0 462.0
252.0 462.0
258.0 469.0
258.0 469.0
255.0 449.0
255.0 449.0
232.0 411.0
232.0 411.0
207.0 406.0


227

2
461.0 406.0
461.0 406.0


228

2
608.0 406.0
608.0 406.0


229

2
262.0 407.0
262.0 407.0


230

2
464.0 407.0
464.0 407.0


231

2
488.0 407.0
488.0 407.0


232

2
602.0 410.0
602.0 410.0


233

2
13.0 411.0
13.0 411.0


234

4
634.0 411.0
633.0 402.0
633.0 402.0
634.0 411.0


235

2
9.0 415.0
9.0 415.0


236

2
257.0 415.0
257.0 415.0


237

8
262.0 418.0
262.0 433.0
262.0 433.0
268.0 435.0
268.0 435.0
265.0 413.0
265.0 413.0
262.0 418.0


238

2
608.0 418.0
608.0 418.0


239

2
190.0 421.0
190.0 421.0


240

2
259.0 421.0
259.0 421.0


241

6
488.0 421.0
489.0 408.0
489.0 408.0
487.0 425.0
487.0 425.0
488.0 421.0


242

2
191.0 422.0
191.0 422.0


243

2
406.0 423.0
406.0 423.0


244

4
20.0 424.0
24.0 426.0
24.0 426.0
20.0 424.0


245

2
195.0 424.0
195.0 424.0


246

2
18.0 425.0
18.0 425.0


247

2
262.0 429.0
262.0 429.0


248

2
334.0 436.0
334.0 436.0


249

2
335.0 437.0
335.0 437.0


250

4
264.0 439.0
265.0 434.0
265.0 434.0
264.0 439.0


251

2
336.0 439.0
336.0 439.0


252

2
265.0 440.0
265.0 440.0


253

2
338.0 440.0
338.0 440.0


254

2
168.0 442.0
168.0 442.0


255

2
263.0 443.0
263.0 443.0


256

2
185.0 444.0
185.0 444.0


257

2
305.0 445.0
305.0 445.0


258

8
120.0 446.0
116.0 476.0
116.0 476.0
102.0 475.0
102.0 475.0
111.0 469.0
111.0 469.0
120.0 446.0


259

8
22.0 449.0
21.0 440.0
21.0 440.0
12.0 440.0
12.0 440.0
11.0 450.0
11.0 450.0
22.0 449.0


260

2
180.0 451.0
180.0 451.0


261

8
130.0 454.0
144.0 454.0
144.0 454.0
141.0 474.0
141.0 474.0
127.0 474.0
127.0 474.0
130.0 454.0


262

2
324.0 455.0
324.0 455.0


263

2
184.0 456.0
184.0 456.0


264

2
303.0 457.0
303.0 457.0


265

6
423.0 457.0
431.0 466.0
431.0 466.0
424.0 447.0
424.0 447.0
423.0 457.0


266

2
295.0 459.0
295.0 459.0


267

2
294.0 461.0
294.0 461.0


268

10
22.0 464.0
23.0 456.0
23.0 456.0
12.0 454.0
12.0 454.0
5.0 466.0
5.0 466.0
26.0 467.0
26.0 467.0
22.0 464.0


269

8
443.0 466.0
440.0 471.0
440.0 471.0
446.0 473.0
446.0 473.0
444.0 456.0
444.0 456.0
443.0 466.0


270

4
28.0 467.0
32.0 466.0
32.0 466.0
28.0 467.0


271

2
296.0 467.0
296.0 467.0


272

2
184.0 468.0
184.0 468.0


273

4
134.0 469.0
135.0 464.0
135.0 464.0
134.0 469.0


274

2
293.0 469.0
293.0 469.0


275

2
298.0 470.0
298.0 470.0


276

4
48.0 474.0
47.0 480.0
47.0 480.0
48.0 474.0


277

2
495.0 474.0
495.0 474.0


278

2
189.0 475.0
189.0 475.0


279

6
544.0 475.0
551.0 480.0
551.0 480.0
544.0 480.0
544.0 480.0
544.0 475.0


280

2
283.0 477.0
283.0 477.0


