1

16
10.0 10.0
111.0 10.0
111.0 10.0
111.0 32.0
111.0 32.0
159.0 37.0
159.0 37.0
157.0 55.0
157.0 55.0
111.0 51.0
111.0 51.0
111.0 61.0
111.0 61.0
10.0 61.0
10.0 61.0
10.0 10.0


2

26
161.0 37.0
192.0 45.0
192.0 45.0
191.0 51.0
191.0 51.0
203.0 52.0
203.0 52.0
202.0 46.0
202.0 46.0
275.0 53.0
275.0 53.0
283.0 50.0
283.0 50.0
283.0 67.0
283.0 67.0
277.0 66.0
277.0 66.0
277.0 58.0
277.0 58.0
276.0 66.0
276.0 66.0
266.0 66.0
266.0 66.0
160.0 56.0
160.0 56.0
161.0 37.0


3

2
167.0 42.0
167.0 42.0


4

2
175.0 43.0
175.0 43.0


5

2
444.0 44.0
444.0 44.0


6

2
191.0 47.0
191.0 47.0


7

2
194.0 47.0
194.0 47.0


8

2
169.0 48.0
169.0 48.0


9

14
285.0 50.0
347.0 53.0
347.0 53.0
360.0 55.0
360.0 55.0
360.0 59.0
360.0 59.0
356.0 73.0
356.0 73.0
291.0 68.0
291.0 68.0
284.0 67.0
284.0 67.0
285.0 50.0


10

2
163.0 53.0
163.0 53.0


11

2
168.0 53.0
168.0 53.0


12

6
303.0 53.0
299.0 55.0
299.0 55.0
309.0 55.0
309.0 55.0
303.0 53.0


13

4
290.0 54.0
298.0 53.0
298.0 53.0
290.0 54.0


14

2
312.0 54.0
312.0 54.0


15

4
314.0 56.0
318.0 55.0
318.0 55.0
314.0 56.0


16

2
319.0 56.0
319.0 56.0


17

4
437.0 60.0
436.0 64.0
436.0 64.0
437.0 60.0


18

2
316.0 61.0
316.0 61.0


19

2
320.0 62.0
320.0 62.0


20

4
326.0 62.0
321.0 63.0
321.0 63.0
326.0 62.0


21

2
435.0 65.0
435.0 65.0


22

2
434.0 67.0
434.0 67.0


23

2
433.0 69.0
433.0 69.0


24

2
432.0 71.0
432.0 71.0


25

2
431.0 73.0
431.0 73.0


26

2
429.0 78.0
429.0 78.0


27

2
428.0 82.0
428.0 82.0


28

2
426.0 85.0
426.0 85.0


29

2
638.0 87.0
638.0 87.0


30

2
425.0 88.0
425.0 88.0


31

2
424.0 90.0
424.0 90.0


32

2
637.0 91.0
637.0 91.0


33

268
628.0 92.0
627.0 96.0
627.0 96.0
640.0 94.0
640.0 94.0
640.0 225.0
640.0 225.0
636.0 228.0
636.0 228.0
640.0 229.0
640.0 229.0
617.0 252.0
617.0 252.0
629.0 246.0
629.0 246.0
627.0 250.0
627.0 250.0
616.0 257.0
616.0 257.0
622.0 254.0
622.0 254.0
617.0 286.0
617.0 286.0
628.0 349.0
628.0 349.0
574.0 357.0
574.0 357.0
580.0 385.0
580.0 385.0
585.0 389.0
585.0 389.0
584.0 407.0
584.0 407.0
594.0 410.0
594.0 410.0
592.0 402.0
592.0 402.0
597.0 399.0
597.0 399.0
596.0 407.0
596.0 407.0
602.0 411.0
602.0 411.0
601.0 415.0
601.0 415.0
595.0 409.0
595.0 409.0
595.0 418.0
595.0 418.0
590.0 415.0
590.0 415.0
588.0 419.0
588.0 419.0
595.0 451.0
595.0 451.0
609.0 465.0
609.0 465.0
636.0 476.0
636.0 476.0
621.0 474.0
621.0 474.0
640.0 480.0
640.0 480.0
570.0 480.0
570.0 480.0
569.0 469.0
569.0 469.0
556.0 461.0
556.0 461.0
567.0 457.0
567.0 457.0
561.0 455.0
561.0 455.0
563.0 447.0
563.0 447.0
559.0 444.0
559.0 444.0
568.0 441.0
568.0 441.0
564.0 432.0
564.0 432.0
558.0 434.0
558.0 434.0
562.0 439.0
562.0 439.0
559.0 441.0
559.0 441.0
537.0 436.0
537.0 436.0
540.0 440.0
540.0 440.0
535.0 440.0
535.0 440.0
536.0 444.0
536.0 444.0
531.0 434.0
531.0 434.0
537.0 431.0
537.0 431.0
536.0 437.0
536.0 437.0
543.0 430.0
543.0 430.0
550.0 433.0
550.0 433.0
549.0 428.0
549.0 428.0
556.0 429.0
556.0 429.0
553.0 417.0
553.0 417.0
562.0 421.0
562.0 421.0
563.0 429.0
563.0 429.0
570.0 426.0
570.0 426.0
566.0 422.0
566.0 422.0
574.0 423.0
574.0 423.0
568.0 416.0
568.0 416.0
573.0 420.0
573.0 420.0
563.0 358.0
563.0 358.0
516.0 363.0
516.0 363.0
527.0 439.0
527.0 439.0
512.0 428.0
512.0 428.0
509.0 411.0
509.0 411.0
503.0 413.0
503.0 413.0
508.0 409.0
508.0 409.0
503.0 365.0
503.0 365.0
478.0 367.0
478.0 367.0
474.0 351.0
474.0 351.0
458.0 334.0
458.0 334.0
461.0 328.0
461.0 328.0
467.0 328.0
467.0 328.0
451.0 325.0
451.0 325.0
448.0 329.0
448.0 329.0
453.0 316.0
453.0 316.0
471.0 314.0
471.0 314.0
467.0 306.0
467.0 306.0
482.0 301.0
482.0 301.0
466.0 298.0
466.0 298.0
456.0 303.0
456.0 303.0
447.0 271.0
447.0 271.0
437.0 270.0
437.0 270.0
445.0 286.0
445.0 286.0
430.0 298.0
430.0 298.0
416.0 291.0
416.0 291.0
408.0 279.0
408.0 279.0
406.0 265.0
406.0 265.0
412.0 261.0
412.0 261.0
433.0 259.0
433.0 259.0
445.0 264.0
445.0 264.0
438.0 237.0
438.0 237.0
430.0 226.0
430.0 226.0
400.0 226.0
400.0 226.0
376.0 234.0
376.0 234.0
346.0 232.0
346.0 232.0
340.0 239.0
340.0 239.0
340.0 256.0
340.0 256.0
329.0 275.0
329.0 275.0
326.0 306.0
326.0 306.0
311.0 285.0
311.0 285.0
310.0 239.0
310.0 239.0
316.0 218.0
316.0 218.0
326.0 218.0
326.0 218.0
323.0 224.0
323.0 224.0
326.0 221.0
326.0 221.0
331.0 226.0
331.0 226.0
337.0 214.0
337.0 214.0
367.0 209.0
367.0 209.0
406.0 187.0
406.0 187.0
411.0 192.0
411.0 192.0
416.0 188.0
416.0 188.0
418.0 195.0
418.0 195.0
422.0 189.0
422.0 189.0
424.0 201.0
424.0 201.0
433.0 203.0
433.0 203.0
435.0 222.0
435.0 222.0
445.0 222.0
445.0 222.0
449.0 227.0
449.0 227.0
447.0 246.0
447.0 246.0
450.0 243.0
450.0 243.0
456.0 248.0
456.0 248.0
455.0 240.0
455.0 240.0
466.0 245.0
466.0 245.0
465.0 239.0
465.0 239.0
466.0 244.0
466.0 244.0
474.0 241.0
474.0 241.0
473.0 245.0
473.0 245.0
474.0 237.0
474.0 237.0
479.0 239.0
479.0 239.0
485.0 234.0
485.0 234.0
628.0 92.0


34

2
630.0 93.0
630.0 93.0


35

2
420.0 98.0
420.0 98.0


36

4
634.0 99.0
637.0 97.0
637.0 97.0
634.0 99.0


37

4
623.0 101.0
626.0 99.0
626.0 99.0
623.0 101.0


38

2
632.0 101.0
632.0 101.0


39

2
629.0 102.0
629.0 102.0


40

2
619.0 104.0
619.0 104.0


41

2
417.0 105.0
417.0 105.0


42

2
414.0 112.0
414.0 112.0


43

2
413.0 114.0
413.0 114.0


44

2
606.0 116.0
606.0 116.0


45

2
404.0 133.0
404.0 133.0


46

2
401.0 140.0
401.0 140.0


47

274
0.0 179.0
26.0 208.0
26.0 208.0
36.0 212.0
36.0 212.0
45.0 209.0
45.0 209.0
40.0 213.0
40.0 213.0
48.0 213.0
48.0 213.0
58.0 222.0
58.0 222.0
66.0 218.0
66.0 218.0
62.0 222.0
62.0 222.0
70.0 222.0
70.0 222.0
72.0 225.0
72.0 225.0
68.0 225.0
68.0 225.0
76.0 231.0
76.0 231.0
78.0 227.0
78.0 227.0
81.0 237.0
81.0 237.0
90.0 234.0
90.0 234.0
93.0 243.0
93.0 243.0
106.0 244.0
106.0 244.0
105.0 252.0
105.0 252.0
123.0 256.0
123.0 256.0
119.0 262.0
119.0 262.0
125.0 259.0
125.0 259.0
130.0 265.0
130.0 265.0
138.0 263.0
138.0 263.0
143.0 270.0
143.0 270.0
147.0 265.0
147.0 265.0
150.0 271.0
150.0 271.0
157.0 267.0
157.0 267.0
154.0 273.0
154.0 273.0
160.0 276.0
160.0 276.0
168.0 271.0
168.0 271.0
173.0 277.0
173.0 277.0
177.0 272.0
177.0 272.0
174.0 276.0
174.0 276.0
187.0 274.0
187.0 274.0
191.0 282.0
191.0 282.0
197.0 277.0
197.0 277.0
200.0 282.0
200.0 282.0
218.0 278.0
218.0 278.0
218.0 284.0
218.0 284.0
220.0 278.0
220.0 278.0
228.0 277.0
228.0 277.0
227.0 282.0
227.0 282.0
239.0 277.0
239.0 277.0
242.0 283.0
242.0 283.0
242.0 278.0
242.0 278.0
252.0 279.0
252.0 279.0
254.0 275.0
254.0 275.0
266.0 280.0
266.0 280.0
277.0 273.0
277.0 273.0
281.0 273.0
281.0 273.0
281.0 279.0
281.0 279.0
295.0 277.0
295.0 277.0
294.0 273.0
294.0 273.0
296.0 277.0
296.0 277.0
307.0 276.0
307.0 276.0
305.0 279.0
305.0 279.0
310.0 279.0
310.0 279.0
302.0 290.0
302.0 290.0
302.0 305.0
302.0 305.0
274.0 314.0
274.0 314.0
272.0 310.0
272.0 310.0
262.0 316.0
262.0 316.0
247.0 316.0
247.0 316.0
234.0 331.0
234.0 331.0
238.0 330.0
238.0 330.0
238.0 337.0
238.0 337.0
248.0 341.0
248.0 341.0
249.0 346.0
249.0 346.0
259.0 346.0
259.0 346.0
257.0 342.0
257.0 342.0
305.0 343.0
305.0 343.0
298.0 361.0
298.0 361.0
304.0 354.0
304.0 354.0
331.0 355.0
331.0 355.0
331.0 372.0
331.0 372.0
310.0 381.0
310.0 381.0
292.0 381.0
292.0 381.0
262.0 394.0
262.0 394.0
256.0 388.0
256.0 388.0
258.0 380.0
258.0 380.0
256.0 385.0
256.0 385.0
256.0 380.0
256.0 380.0
236.0 381.0
236.0 381.0
228.0 405.0
228.0 405.0
204.0 414.0
204.0 414.0
205.0 419.0
205.0 419.0
194.0 414.0
194.0 414.0
193.0 426.0
193.0 426.0
179.0 423.0
179.0 423.0
176.0 429.0
176.0 429.0
195.0 430.0
195.0 430.0
179.0 445.0
179.0 445.0
160.0 480.0
160.0 480.0
0.0 480.0
0.0 480.0
0.0 388.0
0.0 388.0
28.0 392.0
28.0 392.0
35.0 400.0
35.0 400.0
50.0 398.0
50.0 398.0
75.0 412.0
75.0 412.0
98.0 419.0
98.0 419.0
106.0 417.0
106.0 417.0
137.0 431.0
137.0 431.0
151.0 432.0
151.0 432.0
152.0 436.0
152.0 436.0
164.0 437.0
164.0 437.0
169.0 429.0
169.0 429.0
175.0 429.0
175.0 429.0
158.0 419.0
158.0 419.0
177.0 419.0
177.0 419.0
167.0 416.0
167.0 416.0
167.0 410.0
167.0 410.0
157.0 410.0
157.0 410.0
158.0 415.0
158.0 415.0
146.0 414.0
146.0 414.0
117.0 398.0
117.0 398.0
134.0 396.0
134.0 396.0
150.0 407.0
150.0 407.0
166.0 401.0
166.0 401.0
144.0 399.0
144.0 399.0
146.0 392.0
146.0 392.0
166.0 391.0
166.0 391.0
166.0 385.0
166.0 385.0
119.0 375.0
119.0 375.0
125.0 373.0
125.0 373.0
126.0 364.0
126.0 364.0
130.0 365.0
130.0 365.0
121.0 344.0
121.0 344.0
119.0 347.0
119.0 347.0
114.0 340.0
114.0 340.0
75.0 337.0
75.0 337.0
69.0 328.0
69.0 328.0
48.0 318.0
48.0 318.0
38.0 301.0
38.0 301.0
26.0 297.0
26.0 297.0
11.0 280.0
11.0 280.0
1.0 278.0
1.0 278.0
0.0 179.0


48

2
1.0 181.0
1.0 181.0


49

2
379.0 182.0
379.0 182.0


50

2
374.0 184.0
374.0 184.0


51

4
371.0 185.0
363.0 189.0
363.0 189.0
371.0 185.0


52

2
376.0 185.0
376.0 185.0


53

2
4.0 186.0
4.0 186.0


54

2
2.0 187.0
2.0 187.0


55

2
357.0 188.0
357.0 188.0


56

2
361.0 188.0
361.0 188.0


57

2
368.0 189.0
368.0 189.0


58

2
375.0 189.0
375.0 189.0


59

6
359.0 190.0
367.0 191.0
367.0 191.0
355.0 193.0
355.0 193.0
359.0 190.0


60

2
374.0 191.0
374.0 191.0


61

16
377.0 191.0
382.0 192.0
382.0 192.0
353.0 204.0
353.0 204.0
360.0 209.0
360.0 209.0
351.0 205.0
351.0 205.0
340.0 210.0
340.0 210.0
343.0 199.0
343.0 199.0
367.0 199.0
367.0 199.0
377.0 191.0


62

2
359.0 192.0
359.0 192.0


63

2
415.0 193.0
415.0 193.0


64

2
13.0 197.0
13.0 197.0


65

2
14.0 198.0
14.0 198.0


66

2
379.0 198.0
379.0 198.0


67

2
387.0 198.0
387.0 198.0


68

2
376.0 199.0
376.0 199.0


69

2
385.0 199.0
385.0 199.0


70

2
428.0 199.0
428.0 199.0


71

2
354.0 200.0
354.0 200.0


72

2
370.0 200.0
370.0 200.0


73

2
346.0 201.0
346.0 201.0


74

2
350.0 201.0
350.0 201.0


75

2
367.0 201.0
367.0 201.0


76

2
433.0 201.0
433.0 201.0


77

2
354.0 202.0
354.0 202.0


78

2
17.0 203.0
17.0 203.0


79

2
20.0 203.0
20.0 203.0


80

2
334.0 203.0
334.0 203.0


81

2
331.0 204.0
331.0 204.0


82

2
362.0 204.0
362.0 204.0


83

2
16.0 205.0
16.0 205.0


84

2
18.0 205.0
18.0 205.0


85

2
20.0 205.0
20.0 205.0


86

2
22.0 206.0
22.0 206.0


87

2
21.0 207.0
21.0 207.0


88

2
23.0 207.0
23.0 207.0


89

2
349.0 208.0
349.0 208.0


90

2
56.0 210.0
56.0 210.0


91

4
59.0 210.0
66.0 211.0
66.0 211.0
59.0 210.0


92

2
67.0 210.0
67.0 210.0


93

2
336.0 210.0
336.0 210.0


94

2
81.0 211.0
81.0 211.0


95

2
85.0 211.0
85.0 211.0


96

2
340.0 211.0
340.0 211.0


97

2
342.0 211.0
342.0 211.0


98

2
351.0 211.0
351.0 211.0


99

2
335.0 212.0
335.0 212.0


100

2
33.0 213.0
33.0 213.0


101

2
51.0 213.0
51.0 213.0


102

2
68.0 213.0
68.0 213.0


103

4
340.0 213.0
344.0 214.0
344.0 214.0
340.0 213.0


104

2
62.0 214.0
62.0 214.0


105

2
43.0 215.0
43.0 215.0


106

2
54.0 215.0
54.0 215.0


107

2
331.0 217.0
331.0 217.0


108

2
49.0 218.0
49.0 218.0


109

2
327.0 218.0
327.0 218.0


110

2
69.0 219.0
69.0 219.0


111

2
632.0 219.0
632.0 219.0


112

2
339.0 220.0
339.0 220.0


113

2
329.0 221.0
329.0 221.0


114

2
80.0 223.0
80.0 223.0


115

2
52.0 224.0
52.0 224.0


116

2
63.0 225.0
63.0 225.0


117

2
322.0 225.0
322.0 225.0


118

2
326.0 225.0
326.0 225.0


119

2
442.0 225.0
442.0 225.0


120

2
64.0 226.0
64.0 226.0


121

2
443.0 226.0
443.0 226.0


122

2
60.0 227.0
60.0 227.0


123

4
322.0 227.0
327.0 226.0
327.0 226.0
322.0 227.0


124

4
633.0 227.0
629.0 230.0
629.0 230.0
633.0 227.0


125

2
314.0 228.0
314.0 228.0


126

2
321.0 228.0
321.0 228.0


127

2
67.0 229.0
67.0 229.0


128

2
444.0 229.0
444.0 229.0


129

2
482.0 229.0
482.0 229.0


130

2
313.0 230.0
313.0 230.0


131

2
322.0 230.0
322.0 230.0


132

2
71.0 231.0
71.0 231.0


133

2
91.0 231.0
91.0 231.0


134

2
320.0 231.0
320.0 231.0


135

2
67.0 232.0
67.0 232.0


136

2
74.0 232.0
74.0 232.0


137

2
81.0 232.0
81.0 232.0


138

2
84.0 232.0
84.0 232.0


139

2
313.0 232.0
313.0 232.0


140

2
318.0 234.0
318.0 234.0


141

2
459.0 234.0
459.0 234.0


142

2
478.0 234.0
478.0 234.0


143

2
634.0 234.0
634.0 234.0


144

2
319.0 236.0
319.0 236.0


145

2
92.0 237.0
92.0 237.0


146

2
95.0 237.0
95.0 237.0


147

2
451.0 237.0
451.0 237.0


148

2
459.0 237.0
459.0 237.0


149

2
465.0 237.0
465.0 237.0


150

4
467.0 237.0
470.0 239.0
470.0 239.0
467.0 237.0


151

2
456.0 238.0
456.0 238.0


152

2
461.0 238.0
461.0 238.0


153

4
472.0 238.0
470.0 241.0
470.0 241.0
472.0 238.0


154

2
79.0 239.0
79.0 239.0


155

2
99.0 239.0
99.0 239.0


156

2
458.0 240.0
458.0 240.0


157

2
461.0 240.0
461.0 240.0


158

2
86.0 241.0
86.0 241.0


159

2
96.0 241.0
96.0 241.0


160

2
476.0 241.0
476.0 241.0


161

2
464.0 242.0
464.0 242.0


162

2
88.0 243.0
88.0 243.0


163

2
631.0 243.0
631.0 243.0


164

2
86.0 244.0
86.0 244.0


165

4
311.0 244.0
312.0 239.0
312.0 239.0
311.0 244.0


166

2
97.0 245.0
97.0 245.0


167

2
452.0 245.0
452.0 245.0


168

2
103.0 246.0
103.0 246.0


169

2
309.0 246.0
309.0 246.0


170

2
461.0 246.0
461.0 246.0


171

2
113.0 247.0
113.0 247.0


172

4
456.0 247.0
459.0 250.0
459.0 250.0
456.0 247.0


173

2
469.0 247.0
469.0 247.0


174

2
98.0 248.0
98.0 248.0


175

2
109.0 248.0
109.0 248.0


176

2
115.0 248.0
115.0 248.0


177

2
450.0 248.0
450.0 248.0


178

2
462.0 248.0
462.0 248.0


179

2
465.0 248.0
465.0 248.0


180

2
103.0 249.0
103.0 249.0


181

2
449.0 251.0
449.0 251.0


182

2
453.0 251.0
453.0 251.0


183

2
465.0 251.0
465.0 251.0


184

2
451.0 252.0
451.0 252.0


185

2
103.0 254.0
103.0 254.0


186

2
119.0 254.0
119.0 254.0


187

2
449.0 254.0
449.0 254.0


188

2
113.0 257.0
113.0 257.0


189

2
106.0 258.0
106.0 258.0


190

2
142.0 259.0
142.0 259.0


191

2
116.0 260.0
116.0 260.0


192

2
130.0 260.0
130.0 260.0


193

2
138.0 260.0
138.0 260.0


194

2
134.0 261.0
134.0 261.0


195

22
369.0 261.0
389.0 262.0
389.0 262.0
395.0 268.0
395.0 268.0
389.0 287.0
389.0 287.0
374.0 298.0
374.0 298.0
369.0 293.0
369.0 293.0
346.0 289.0
346.0 289.0
348.0 282.0
348.0 282.0
363.0 274.0
363.0 274.0
346.0 273.0
346.0 273.0
346.0 269.0
346.0 269.0
369.0 261.0


196

2
130.0 262.0
130.0 262.0


197

4
150.0 263.0
153.0 266.0
153.0 266.0
150.0 263.0


198

2
127.0 264.0
127.0 264.0


199

2
155.0 264.0
155.0 264.0


200

2
119.0 265.0
119.0 265.0


201

2
293.0 266.0
293.0 266.0


202

2
304.0 266.0
304.0 266.0


203

2
122.0 267.0
122.0 267.0


204

2
125.0 267.0
125.0 267.0


205

2
158.0 267.0
158.0 267.0


206

2
169.0 267.0
169.0 267.0


207

2
123.0 268.0
123.0 268.0


208

2
130.0 268.0
130.0 268.0


209

2
167.0 268.0
167.0 268.0


210

2
304.0 268.0
304.0 268.0


211

2
164.0 269.0
164.0 269.0


212

2
282.0 269.0
282.0 269.0


213

2
284.0 269.0
284.0 269.0


214

2
155.0 270.0
155.0 270.0


215

4
162.0 270.0
164.0 273.0
164.0 273.0
162.0 270.0


216

2
297.0 270.0
297.0 270.0


217

2
304.0 270.0
304.0 270.0


218

6
138.0 271.0
142.0 274.0
142.0 274.0
141.0 268.0
141.0 268.0
138.0 271.0


219

2
178.0 271.0
178.0 271.0


220

2
190.0 271.0
190.0 271.0


221

2
277.0 271.0
277.0 271.0


222

2
280.0 271.0
280.0 271.0


223

2
307.0 271.0
307.0 271.0


224

2
147.0 272.0
147.0 272.0


225

2
149.0 272.0
149.0 272.0


226

2
173.0 272.0
173.0 272.0


227

2
205.0 272.0
205.0 272.0


228

4
291.0 272.0
288.0 274.0
288.0 274.0
291.0 272.0


229

4
300.0 272.0
303.0 274.0
303.0 274.0
300.0 272.0


230

2
305.0 272.0
305.0 272.0


231

2
364.0 272.0
364.0 272.0


232

2
150.0 273.0
150.0 273.0


233

2
203.0 273.0
203.0 273.0


234

2
243.0 273.0
243.0 273.0


235

2
272.0 273.0
272.0 273.0


236

2
282.0 273.0
282.0 273.0


237

2
297.0 273.0
297.0 273.0


238

4
240.0 274.0
242.0 277.0
242.0 277.0
240.0 274.0


239

2
610.0 274.0
610.0 274.0


240

2
201.0 275.0
201.0 275.0


241

2
203.0 275.0
203.0 275.0


242

2
258.0 275.0
258.0 275.0


243

2
262.0 275.0
262.0 275.0


244

2
297.0 275.0
297.0 275.0


245

2
168.0 276.0
168.0 276.0


246

2
207.0 276.0
207.0 276.0


247

2
223.0 276.0
223.0 276.0


248

2
243.0 276.0
243.0 276.0


249

2
247.0 276.0
247.0 276.0


250

2
149.0 277.0
149.0 277.0


251

2
185.0 277.0
185.0 277.0


252

2
194.0 277.0
194.0 277.0


253

2
201.0 277.0
201.0 277.0


254

2
277.0 277.0
277.0 277.0


255

2
180.0 278.0
180.0 278.0


256

2
184.0 278.0
184.0 278.0


257

2
271.0 278.0
271.0 278.0


258

2
8.0 279.0
8.0 279.0


259

2
183.0 279.0
183.0 279.0


260

2
274.0 279.0
274.0 279.0


261

2
298.0 279.0
298.0 279.0


262

2
301.0 279.0
301.0 279.0


263

2
7.0 280.0
7.0 280.0


264

2
144.0 280.0
144.0 280.0


265

2
176.0 280.0
176.0 280.0


266

2
179.0 280.0
179.0 280.0


267

2
254.0 280.0
254.0 280.0


268

2
259.0 280.0
259.0 280.0


269

2
209.0 281.0
209.0 281.0


270

2
246.0 281.0
246.0 281.0


271

2
250.0 281.0
250.0 281.0


272

2
255.0 281.0
255.0 281.0


273

2
258.0 281.0
258.0 281.0


274

2
263.0 281.0
263.0 281.0


275

2
279.0 281.0
279.0 281.0


276

2
213.0 282.0
213.0 282.0


277

2
222.0 282.0
222.0 282.0


278

2
232.0 282.0
232.0 282.0


279

2
245.0 282.0
245.0 282.0


280

2
249.0 282.0
249.0 282.0


281

2
251.0 282.0
251.0 282.0


282

2
261.0 282.0
261.0 282.0


283

2
207.0 284.0
207.0 284.0


284

2
215.0 284.0
215.0 284.0


285

2
221.0 284.0
221.0 284.0


286

2
235.0 284.0
235.0 284.0


287

2
255.0 284.0
255.0 284.0


288

12
638.0 284.0
640.0 281.0
640.0 281.0
640.0 347.0
640.0 347.0
628.0 309.0
628.0 309.0
629.0 304.0
629.0 304.0
634.0 317.0
634.0 317.0
638.0 284.0


289

2
199.0 285.0
199.0 285.0


290

4
357.0 285.0
364.0 286.0
364.0 286.0
357.0 285.0


291

2
21.0 290.0
21.0 290.0


292

4
305.0 292.0
307.0 305.0
307.0 305.0
305.0 292.0


293

2
306.0 296.0
306.0 296.0


294

4
315.0 297.0
317.0 301.0
317.0 301.0
315.0 297.0


295

2
468.0 298.0
468.0 298.0


296

2
460.0 299.0
460.0 299.0


297

2
464.0 299.0
464.0 299.0


298

4
20.0 300.0
24.0 304.0
24.0 304.0
20.0 300.0


299

2
461.0 301.0
461.0 301.0


300

8
317.0 303.0
320.0 318.0
320.0 318.0
315.0 319.0
315.0 319.0
311.0 312.0
311.0 312.0
317.0 303.0


301

2
458.0 303.0
458.0 303.0


302

8
124.0 304.0
135.0 309.0
135.0 309.0
148.0 307.0
148.0 307.0
142.0 299.0
142.0 299.0
124.0 304.0


303

2
469.0 304.0
469.0 304.0


304

2
298.0 305.0
298.0 305.0


305

4
462.0 305.0
466.0 308.0
466.0 308.0
462.0 305.0


306

2
290.0 306.0
290.0 306.0


307

2
292.0 306.0
292.0 306.0


308

2
296.0 306.0
296.0 306.0


309

2
460.0 306.0
460.0 306.0


310

2
468.0 309.0
468.0 309.0


311

2
471.0 309.0
471.0 309.0


312

2
469.0 310.0
469.0 310.0


313

2
466.0 311.0
466.0 311.0


314

2
274.0 312.0
274.0 312.0


315

2
276.0 312.0
276.0 312.0


316

2
279.0 312.0
279.0 312.0


317

2
315.0 313.0
315.0 313.0


318

18
389.0 313.0
393.0 321.0
393.0 321.0
404.0 317.0
404.0 317.0
407.0 323.0
407.0 323.0
422.0 314.0
422.0 314.0
423.0 335.0
423.0 335.0
410.0 337.0
410.0 337.0
400.0 332.0
400.0 332.0
388.0 319.0
388.0 319.0
389.0 313.0


319

2
257.0 314.0
257.0 314.0


320

2
316.0 315.0
316.0 315.0


321

2
471.0 315.0
471.0 315.0


322

2
469.0 316.0
469.0 316.0


323

2
241.0 320.0
241.0 320.0


324

2
231.0 322.0
231.0 322.0


325

2
237.0 324.0
237.0 324.0


326

2
63.0 325.0
63.0 325.0


327

2
231.0 328.0
231.0 328.0


328

2
234.0 328.0
234.0 328.0


329

4
326.0 328.0
328.0 335.0
328.0 335.0
326.0 328.0


330

2
454.0 328.0
454.0 328.0


331

2
468.0 329.0
468.0 329.0


332

2
472.0 329.0
472.0 329.0


333

2
622.0 329.0
622.0 329.0


334

2
474.0 330.0
474.0 330.0


335

2
479.0 330.0
479.0 330.0


336

2
402.0 331.0
402.0 331.0


337

2
456.0 331.0
456.0 331.0


338

2
463.0 333.0
463.0 333.0


339

66
448.0 335.0
459.0 350.0
459.0 350.0
457.0 356.0
457.0 356.0
450.0 352.0
450.0 352.0
455.0 362.0
455.0 362.0
417.0 380.0
417.0 380.0
419.0 375.0
419.0 375.0
406.0 377.0
406.0 377.0
391.0 388.0
391.0 388.0
390.0 393.0
390.0 393.0
395.0 394.0
395.0 394.0
380.0 410.0
380.0 410.0
376.0 430.0
376.0 430.0
397.0 463.0
397.0 463.0
379.0 456.0
379.0 456.0
348.0 428.0
348.0 428.0
335.0 407.0
335.0 407.0
339.0 383.0
339.0 383.0
343.0 381.0
343.0 381.0
342.0 368.0
342.0 368.0
347.0 373.0
347.0 373.0
352.0 370.0
352.0 370.0
351.0 376.0
351.0 376.0
360.0 368.0
360.0 368.0
367.0 373.0
367.0 373.0
369.0 365.0
369.0 365.0
374.0 366.0
374.0 366.0
374.0 356.0
374.0 356.0
404.0 339.0
404.0 339.0
419.0 338.0
419.0 338.0
430.0 346.0
430.0 346.0
437.0 343.0
437.0 343.0
446.0 347.0
446.0 347.0
448.0 335.0


340

2
234.0 336.0
234.0 336.0


341

2
78.0 337.0
78.0 337.0


342

12
13.0 338.0
35.0 338.0
35.0 338.0
112.0 385.0
112.0 385.0
104.0 390.0
104.0 390.0
80.0 380.0
80.0 380.0
15.0 345.0
15.0 345.0
13.0 338.0


343

4
568.0 340.0
549.0 339.0
549.0 339.0
568.0 340.0


344

2
255.0 344.0
255.0 344.0


345

2
293.0 345.0
293.0 345.0


346

2
21.0 347.0
21.0 347.0


347

2
123.0 347.0
123.0 347.0


348

2
388.0 347.0
388.0 347.0


349

2
425.0 352.0
425.0 352.0


350

2
404.0 355.0
404.0 355.0


351

2
407.0 355.0
407.0 355.0


352

2
414.0 355.0
414.0 355.0


353

6
428.0 356.0
439.0 359.0
439.0 359.0
435.0 351.0
435.0 351.0
428.0 356.0


354

2
110.0 357.0
110.0 357.0


355

4
172.0 358.0
186.0 359.0
186.0 359.0
172.0 358.0


356

2
301.0 359.0
301.0 359.0


357

6
388.0 359.0
388.0 365.0
388.0 365.0
401.0 360.0
401.0 360.0
388.0 359.0


358

2
397.0 359.0
397.0 359.0


359

4
338.0 360.0
342.0 367.0
342.0 367.0
338.0 360.0


360

2
376.0 360.0
376.0 360.0


361

4
299.0 363.0
297.0 366.0
297.0 366.0
299.0 363.0


362

4
352.0 363.0
356.0 368.0
356.0 368.0
352.0 363.0


363

2
386.0 365.0
386.0 365.0


364

2
123.0 367.0
123.0 367.0


365

4
347.0 367.0
350.0 369.0
350.0 369.0
347.0 367.0


366

2
366.0 368.0
366.0 368.0


367

4
182.0 371.0
194.0 370.0
194.0 370.0
182.0 371.0


368

2
360.0 371.0
360.0 371.0


369

2
292.0 373.0
292.0 373.0


370

2
362.0 373.0
362.0 373.0


371

2
424.0 373.0
424.0 373.0


372

2
427.0 373.0
427.0 373.0


373

2
115.0 374.0
115.0 374.0


374

4
125.0 374.0
127.0 371.0
127.0 371.0
125.0 374.0


375

2
293.0 374.0
293.0 374.0


376

2
368.0 374.0
368.0 374.0


377

2
121.0 375.0
121.0 375.0


378

2
367.0 375.0
367.0 375.0


379

2
125.0 376.0
125.0 376.0


380

2
292.0 377.0
292.0 377.0


381

2
342.0 377.0
342.0 377.0


382

6
613.0 377.0
616.0 380.0
616.0 380.0
611.0 384.0
611.0 384.0
613.0 377.0


383

2
315.0 378.0
315.0 378.0


384

2
409.0 378.0
409.0 378.0


385

2
312.0 379.0
312.0 379.0


386

2
353.0 379.0
353.0 379.0


387

2
368.0 379.0
368.0 379.0


388

2
413.0 379.0
413.0 379.0


389

2
290.0 381.0
290.0 381.0


390

2
411.0 381.0
411.0 381.0


391

4
587.0 381.0
595.0 383.0
595.0 383.0
587.0 381.0


392

2
597.0 381.0
597.0 381.0


393

4
624.0 381.0
625.0 386.0
625.0 386.0
624.0 381.0


394

2
289.0 382.0
289.0 382.0


395

14
467.0 382.0
472.0 388.0
472.0 388.0
467.0 411.0
467.0 411.0
460.0 405.0
460.0 405.0
445.0 430.0
445.0 430.0
435.0 418.0
435.0 418.0
433.0 403.0
433.0 403.0
467.0 382.0


396

2
391.0 383.0
391.0 383.0


397

4
407.0 383.0
403.0 388.0
403.0 388.0
407.0 383.0


398

2
409.0 383.0
409.0 383.0


399

2
379.0 384.0
379.0 384.0


400

2
472.0 384.0
472.0 384.0


401

2
371.0 385.0
371.0 385.0


402

4
382.0 385.0
387.0 384.0
387.0 384.0
382.0 385.0


403

2
396.0 385.0
396.0 385.0


404

4
586.0 385.0
591.0 389.0
591.0 389.0
586.0 385.0


405

4
594.0 385.0
597.0 387.0
597.0 387.0
594.0 385.0


406

2
380.0 386.0
380.0 386.0


407

28
599.0 386.0
606.0 386.0
606.0 386.0
608.0 392.0
608.0 392.0
603.0 393.0
603.0 393.0
609.0 401.0
609.0 401.0
616.0 402.0
616.0 402.0
620.0 394.0
620.0 394.0
626.0 395.0
626.0 395.0
620.0 400.0
620.0 400.0
623.0 406.0
623.0 406.0
601.0 405.0
601.0 405.0
608.0 401.0
608.0 401.0
600.0 391.0
600.0 391.0
593.0 390.0
593.0 390.0
599.0 386.0


408

2
607.0 386.0
607.0 386.0


409

2
374.0 387.0
374.0 387.0


410

8
389.0 387.0
392.0 385.0
392.0 385.0
384.0 386.0
384.0 386.0
384.0 392.0
384.0 392.0
389.0 387.0


411

6
398.0 387.0
399.0 391.0
399.0 391.0
394.0 391.0
394.0 391.0
398.0 387.0


412

2
617.0 387.0
617.0 387.0


413

4
622.0 387.0
623.0 393.0
623.0 393.0
622.0 387.0


414

2
160.0 388.0
160.0 388.0


415

2
167.0 388.0
167.0 388.0


416

2
278.0 388.0
278.0 388.0


417

2
378.0 388.0
378.0 388.0


418

2
401.0 388.0
401.0 388.0


419

2
608.0 388.0
608.0 388.0


420

2
625.0 388.0
625.0 388.0


421

2
599.0 389.0
599.0 389.0


422

2
266.0 390.0
266.0 390.0


423

2
268.0 390.0
268.0 390.0


424

6
588.0 390.0
593.0 392.0
593.0 392.0
592.0 397.0
592.0 397.0
588.0 390.0


425

2
168.0 391.0
168.0 391.0


426

4
611.0 391.0
614.0 394.0
614.0 394.0
611.0 391.0


427

2
340.0 392.0
340.0 392.0


428

2
584.0 392.0
584.0 392.0


429

2
626.0 392.0
626.0 392.0


430

2
257.0 393.0
257.0 393.0


431

2
310.0 394.0
310.0 394.0


432

2
388.0 394.0
388.0 394.0


433

2
597.0 394.0
597.0 394.0


434

2
389.0 395.0
389.0 395.0


435

2
450.0 396.0
450.0 396.0


436

2
333.0 398.0
333.0 398.0


437

2
590.0 398.0
590.0 398.0


438

2
614.0 399.0
614.0 399.0


439

4
310.0 400.0
311.0 405.0
311.0 405.0
310.0 400.0


440

4
586.0 400.0
591.0 402.0
591.0 402.0
586.0 400.0


441

2
234.0 401.0
234.0 401.0


442

2
307.0 401.0
307.0 401.0


443

102
290.0 403.0
305.0 403.0
305.0 403.0
307.0 412.0
307.0 412.0
312.0 406.0
312.0 406.0
319.0 409.0
319.0 409.0
321.0 415.0
321.0 415.0
314.0 416.0
314.0 416.0
323.0 419.0
323.0 419.0
324.0 428.0
324.0 428.0
333.0 436.0
333.0 436.0
328.0 437.0
328.0 437.0
332.0 445.0
332.0 445.0
327.0 445.0
327.0 445.0
339.0 452.0
339.0 452.0
341.0 447.0
341.0 447.0
369.0 471.0
369.0 471.0
357.0 471.0
357.0 471.0
363.0 475.0
363.0 475.0
355.0 478.0
355.0 478.0
358.0 480.0
358.0 480.0
342.0 480.0
342.0 480.0
342.0 476.0
342.0 476.0
336.0 480.0
336.0 480.0
338.0 463.0
338.0 463.0
325.0 457.0
325.0 457.0
321.0 480.0
321.0 480.0
320.0 475.0
320.0 475.0
319.0 480.0
319.0 480.0
272.0 480.0
272.0 480.0
273.0 474.0
273.0 474.0
269.0 479.0
269.0 479.0
272.0 468.0
272.0 468.0
268.0 465.0
268.0 465.0
274.0 456.0
274.0 456.0
276.0 462.0
276.0 462.0
282.0 457.0
282.0 457.0
281.0 465.0
281.0 465.0
284.0 461.0
284.0 461.0
284.0 439.0
284.0 439.0
283.0 447.0
283.0 447.0
280.0 440.0
280.0 440.0
276.0 450.0
276.0 450.0
280.0 437.0
280.0 437.0
270.0 443.0
270.0 443.0
272.0 437.0
272.0 437.0
279.0 436.0
279.0 436.0
270.0 431.0
270.0 431.0
278.0 426.0
278.0 426.0
270.0 424.0
270.0 424.0
278.0 419.0
278.0 419.0
282.0 426.0
282.0 426.0
290.0 403.0


444

2
502.0 403.0
502.0 403.0


445

2
463.0 404.0
463.0 404.0


446

2
496.0 404.0
496.0 404.0


447

2
545.0 404.0
545.0 404.0


448

2
590.0 404.0
590.0 404.0


449

4
615.0 404.0
620.0 405.0
620.0 405.0
615.0 404.0


450

4
164.0 406.0
171.0 405.0
171.0 405.0
164.0 406.0


451

4
207.0 406.0
214.0 405.0
214.0 405.0
207.0 406.0


452

4
501.0 406.0
503.0 409.0
503.0 409.0
501.0 406.0


453

2
538.0 406.0
538.0 406.0


454

4
541.0 406.0
544.0 409.0
544.0 409.0
541.0 406.0


455

2
532.0 407.0
532.0 407.0


456

2
562.0 407.0
562.0 407.0


457

2
197.0 408.0
197.0 408.0


458

2
199.0 408.0
199.0 408.0


459

2
201.0 408.0
201.0 408.0


460

2
204.0 408.0
204.0 408.0


461

2
210.0 408.0
210.0 408.0


462

2
460.0 408.0
460.0 408.0


463

2
560.0 408.0
560.0 408.0


464

2
612.0 408.0
612.0 408.0


465

6
301.0 409.0
306.0 407.0
306.0 407.0
296.0 410.0
296.0 410.0
301.0 409.0


466

2
607.0 409.0
607.0 409.0


467

2
291.0 410.0
291.0 410.0


468

2
306.0 410.0
306.0 410.0


469

4
557.0 411.0
561.0 412.0
561.0 412.0
557.0 411.0


470

4
606.0 411.0
604.0 414.0
604.0 414.0
606.0 411.0


471

8
302.0 412.0
305.0 410.0
305.0 410.0
293.0 415.0
293.0 415.0
294.0 421.0
294.0 421.0
302.0 412.0


472

4
564.0 412.0
567.0 415.0
567.0 415.0
564.0 412.0


473

2
293.0 413.0
293.0 413.0


474

2
309.0 413.0
309.0 413.0


475

2
455.0 413.0
455.0 413.0


476

4
588.0 414.0
590.0 411.0
590.0 411.0
588.0 414.0


477

2
592.0 414.0
592.0 414.0


478

2
292.0 415.0
292.0 415.0


479

2
458.0 415.0
458.0 415.0


480

4
196.0 416.0
200.0 417.0
200.0 417.0
196.0 416.0


481

2
208.0 416.0
208.0 416.0


482

2
312.0 416.0
312.0 416.0


483

2
616.0 417.0
616.0 417.0


484

2
271.0 418.0
271.0 418.0


485

4
302.0 418.0
303.0 414.0
303.0 414.0
302.0 418.0


486

4
300.0 419.0
301.0 414.0
301.0 414.0
300.0 419.0


487

2
551.0 419.0
551.0 419.0


488

2
587.0 419.0
587.0 419.0


489

4
612.0 419.0
618.0 420.0
618.0 420.0
612.0 419.0


490

2
177.0 420.0
177.0 420.0


491

4
184.0 420.0
190.0 419.0
190.0 419.0
184.0 420.0


492

2
546.0 421.0
546.0 421.0


493

2
196.0 422.0
196.0 422.0


494

6
300.0 422.0
303.0 428.0
303.0 428.0
304.0 420.0
304.0 420.0
300.0 422.0


495

4
320.0 422.0
321.0 431.0
321.0 431.0
320.0 422.0


496

2
549.0 422.0
549.0 422.0


497

4
188.0 423.0
192.0 422.0
192.0 422.0
188.0 423.0


498

2
285.0 423.0
285.0 423.0


499

16
628.0 423.0
640.0 433.0
640.0 433.0
639.0 465.0
639.0 465.0
630.0 464.0
630.0 464.0
620.0 441.0
620.0 441.0
619.0 427.0
619.0 427.0
623.0 424.0
623.0 424.0
633.0 450.0
633.0 450.0
628.0 423.0


500

2
295.0 424.0
295.0 424.0


501

6
308.0 424.0
310.0 428.0
310.0 428.0
310.0 418.0
310.0 418.0
308.0 424.0


502

2
563.0 425.0
563.0 425.0


503

2
153.0 426.0
153.0 426.0


504

2
285.0 426.0
285.0 426.0


505

2
289.0 426.0
289.0 426.0


506

4
291.0 426.0
292.0 419.0
292.0 419.0
291.0 426.0


507

6
602.0 426.0
606.0 434.0
606.0 434.0
601.0 438.0
601.0 438.0
602.0 426.0


508

2
198.0 427.0
198.0 427.0


509

2
296.0 428.0
296.0 428.0


510

2
298.0 428.0
298.0 428.0


511

4
314.0 429.0
315.0 419.0
315.0 419.0
314.0 429.0


512

4
317.0 429.0
319.0 419.0
319.0 419.0
317.0 429.0


513

2
599.0 429.0
599.0 429.0


514

2
152.0 430.0
152.0 430.0


515

4
277.0 430.0
282.0 433.0
282.0 433.0
277.0 430.0


516

2
325.0 430.0
325.0 430.0


517

2
559.0 430.0
559.0 430.0


518

4
571.0 430.0
575.0 427.0
575.0 427.0
571.0 430.0


519

2
292.0 431.0
292.0 431.0


520

2
302.0 431.0
302.0 431.0


521

2
309.0 431.0
309.0 431.0


522

2
554.0 431.0
554.0 431.0


523

6
564.0 431.0
569.0 437.0
569.0 437.0
570.0 428.0
570.0 428.0
564.0 431.0


524

2
294.0 432.0
294.0 432.0


525

2
310.0 432.0
310.0 432.0


526

2
316.0 432.0
316.0 432.0


527

2
319.0 432.0
319.0 432.0


528

2
323.0 432.0
323.0 432.0


529

2
381.0 432.0
381.0 432.0


530

10
512.0 432.0
518.0 432.0
518.0 432.0
519.0 438.0
519.0 438.0
512.0 438.0
512.0 438.0
503.0 452.0
503.0 452.0
512.0 432.0


531

4
555.0 432.0
559.0 433.0
559.0 433.0
555.0 432.0


532

2
573.0 432.0
573.0 432.0


533

4
190.0 433.0
187.0 435.0
187.0 435.0
190.0 433.0


534

2
326.0 433.0
326.0 433.0


535

2
503.0 433.0
503.0 433.0


536

2
544.0 433.0
544.0 433.0


537

4
615.0 433.0
618.0 437.0
618.0 437.0
615.0 433.0


538

2
307.0 434.0
307.0 434.0


539

2
174.0 435.0
174.0 435.0


540

14
295.0 435.0
300.0 441.0
300.0 441.0
294.0 448.0
294.0 448.0
298.0 469.0
298.0 469.0
304.0 446.0
304.0 446.0
300.0 447.0
300.0 447.0
300.0 432.0
300.0 432.0
295.0 435.0


541

2
309.0 435.0
309.0 435.0


542

14
317.0 435.0
320.0 439.0
320.0 439.0
310.0 440.0
310.0 440.0
318.0 440.0
318.0 440.0
319.0 450.0
319.0 450.0
323.0 440.0
323.0 440.0
319.0 432.0
319.0 432.0
317.0 435.0


543

2
175.0 436.0
175.0 436.0


544

2
186.0 436.0
186.0 436.0


545

2
289.0 436.0
289.0 436.0


546

6
571.0 436.0
572.0 443.0
572.0 443.0
576.0 435.0
576.0 435.0
571.0 436.0


547

2
327.0 437.0
327.0 437.0


548

4
466.0 437.0
475.0 441.0
475.0 441.0
466.0 437.0


549

2
469.0 437.0
469.0 437.0


550

2
513.0 437.0
513.0 437.0


551

2
480.0 438.0
480.0 438.0


552

2
543.0 438.0
543.0 438.0


553

2
185.0 439.0
185.0 439.0


554

2
575.0 439.0
575.0 439.0


555

6
608.0 439.0
618.0 456.0
618.0 456.0
605.0 445.0
605.0 445.0
608.0 439.0


556

2
465.0 440.0
465.0 440.0


557

4
621.0 440.0
622.0 436.0
622.0 436.0
621.0 440.0


558

2
575.0 442.0
575.0 442.0


559

2
182.0 443.0
182.0 443.0


560

4
303.0 443.0
304.0 433.0
304.0 433.0
303.0 443.0


561

2
326.0 443.0
326.0 443.0


562

2
463.0 443.0
463.0 443.0


563

4
476.0 443.0
482.0 445.0
482.0 445.0
476.0 443.0


564

2
568.0 443.0
568.0 443.0


565

2
310.0 444.0
310.0 444.0


566

2
314.0 444.0
314.0 444.0


567

2
322.0 444.0
322.0 444.0


568

4
471.0 444.0
473.0 447.0
473.0 447.0
471.0 444.0


569

2
557.0 444.0
557.0 444.0


570

2
562.0 444.0
562.0 444.0


571

12
572.0 444.0
574.0 447.0
574.0 447.0
564.0 445.0
564.0 445.0
567.0 453.0
567.0 453.0
576.0 448.0
576.0 448.0
577.0 443.0
577.0 443.0
572.0 444.0


572

4
181.0 445.0
179.0 449.0
179.0 449.0
181.0 445.0


573

2
321.0 445.0
321.0 445.0


574

2
335.0 445.0
335.0 445.0


575

2
570.0 445.0
570.0 445.0


576

4
313.0 447.0
312.0 452.0
312.0 452.0
313.0 447.0


577

2
321.0 447.0
321.0 447.0


578

2
325.0 447.0
325.0 447.0


579

2
467.0 447.0
467.0 447.0


580

20
474.0 447.0
488.0 449.0
488.0 449.0
479.0 451.0
479.0 451.0
488.0 451.0
488.0 451.0
480.0 453.0
480.0 453.0
500.0 480.0
500.0 480.0
493.0 478.0
493.0 478.0
492.0 474.0
492.0 474.0
498.0 478.0
498.0 478.0
496.0 471.0
496.0 471.0
474.0 447.0


581

2
545.0 447.0
545.0 447.0


582

2
548.0 447.0
548.0 447.0


583

2
547.0 449.0
547.0 449.0


584

6
554.0 449.0
558.0 451.0
558.0 451.0
551.0 458.0
551.0 458.0
554.0 449.0


585

2
568.0 449.0
568.0 449.0


586

2
178.0 450.0
178.0 450.0


587

4
287.0 450.0
291.0 448.0
291.0 448.0
287.0 450.0


588

2
327.0 450.0
327.0 450.0


589

4
463.0 450.0
468.0 454.0
468.0 454.0
463.0 450.0


590

4
602.0 450.0
618.0 462.0
618.0 462.0
602.0 450.0


591

2
307.0 451.0
307.0 451.0


592

2
314.0 451.0
314.0 451.0


593

2
306.0 453.0
306.0 453.0


594

2
324.0 453.0
324.0 453.0


595

2
504.0 453.0
504.0 453.0


596

2
301.0 454.0
301.0 454.0


597

4
333.0 454.0
332.0 458.0
332.0 458.0
333.0 454.0


598

4
473.0 454.0
478.0 460.0
478.0 460.0
473.0 454.0


599

6
527.0 454.0
531.0 459.0
531.0 459.0
523.0 465.0
523.0 465.0
527.0 454.0


600

2
572.0 454.0
572.0 454.0


601

2
324.0 455.0
324.0 455.0


602

2
327.0 455.0
327.0 455.0


603

2
564.0 455.0
564.0 455.0


604

2
322.0 456.0
322.0 456.0


605

4
337.0 456.0
338.0 451.0
338.0 451.0
337.0 456.0


606

2
344.0 456.0
344.0 456.0


607

2
294.0 457.0
294.0 457.0


608

4
297.0 458.0
298.0 465.0
298.0 465.0
297.0 458.0


609

2
349.0 458.0
349.0 458.0


610

2
473.0 458.0
473.0 458.0


611

2
286.0 459.0
286.0 459.0


612

4
568.0 459.0
571.0 461.0
571.0 461.0
568.0 459.0


613

2
196.0 460.0
196.0 460.0


614

2
302.0 460.0
302.0 460.0


615

2
461.0 460.0
461.0 460.0


616

2
201.0 461.0
201.0 461.0


617

2
291.0 461.0
291.0 461.0


618

2
318.0 461.0
318.0 461.0


619

4
467.0 461.0
470.0 464.0
470.0 464.0
467.0 461.0


620

2
475.0 461.0
475.0 461.0


621

4
515.0 461.0
518.0 464.0
518.0 464.0
515.0 461.0


622

4
172.0 462.0
171.0 467.0
171.0 467.0
172.0 462.0


623

2
207.0 462.0
207.0 462.0


624

8
534.0 462.0
536.0 467.0
536.0 467.0
532.0 466.0
532.0 466.0
521.0 479.0
521.0 479.0
534.0 462.0


625

2
571.0 462.0
571.0 462.0


626

4
198.0 463.0
196.0 466.0
196.0 466.0
198.0 463.0


627

2
202.0 463.0
202.0 463.0


628

2
204.0 463.0
204.0 463.0


629

4
343.0 463.0
344.0 459.0
344.0 459.0
343.0 463.0


630

2
463.0 463.0
463.0 463.0


631

2
279.0 464.0
279.0 464.0


632

2
327.0 464.0
327.0 464.0


633

2
454.0 464.0
454.0 464.0


634

4
617.0 464.0
634.0 471.0
634.0 471.0
617.0 464.0


635

2
169.0 465.0
169.0 465.0


636

2
271.0 465.0
271.0 465.0


637

4
461.0 465.0
471.0 477.0
471.0 477.0
461.0 465.0


638

14
482.0 465.0
493.0 480.0
493.0 480.0
481.0 480.0
481.0 480.0
484.0 477.0
484.0 477.0
480.0 471.0
480.0 471.0
484.0 477.0
484.0 477.0
488.0 475.0
488.0 475.0
482.0 465.0


639

4
562.0 465.0
566.0 466.0
566.0 466.0
562.0 465.0


640

2
567.0 465.0
567.0 465.0


641

4
194.0 466.0
191.0 470.0
191.0 470.0
194.0 466.0


642

2
278.0 466.0
278.0 466.0


643

4
292.0 466.0
291.0 462.0
291.0 462.0
292.0 466.0


644

2
327.0 466.0
327.0 466.0


645

4
471.0 466.0
476.0 471.0
476.0 471.0
471.0 466.0


646

4
300.0 468.0
302.0 461.0
302.0 461.0
300.0 468.0


647

2
310.0 468.0
310.0 468.0


648

2
481.0 468.0
481.0 468.0


649

2
279.0 469.0
279.0 469.0


650

2
306.0 469.0
306.0 469.0


651

2
315.0 469.0
315.0 469.0


652

2
317.0 469.0
317.0 469.0


653

12
325.0 469.0
332.0 471.0
332.0 471.0
334.0 480.0
334.0 480.0
332.0 473.0
332.0 473.0
331.0 480.0
331.0 480.0
323.0 480.0
323.0 480.0
325.0 469.0


654

4
446.0 469.0
450.0 473.0
450.0 473.0
446.0 469.0


655

2
635.0 469.0
635.0 469.0


656

2
638.0 469.0
638.0 469.0


657

2
299.0 470.0
299.0 470.0


658

4
454.0 470.0
463.0 480.0
463.0 480.0
454.0 470.0


659

6
191.0 471.0
193.0 480.0
193.0 480.0
188.0 480.0
188.0 480.0
191.0 471.0


660

2
291.0 471.0
291.0 471.0


661

2
316.0 471.0
316.0 471.0


662

2
327.0 471.0
327.0 471.0


663

4
294.0 472.0
302.0 474.0
302.0 474.0
294.0 472.0


664

4
403.0 472.0
406.0 474.0
406.0 474.0
403.0 472.0


665

2
476.0 472.0
476.0 472.0


666

2
306.0 473.0
306.0 473.0


667

4
312.0 473.0
313.0 467.0
313.0 467.0
312.0 473.0


668

4
315.0 473.0
318.0 477.0
318.0 477.0
315.0 473.0


669

4
309.0 474.0
310.0 469.0
310.0 469.0
309.0 474.0


670

2
319.0 474.0
319.0 474.0


671

4
439.0 474.0
442.0 480.0
442.0 480.0
439.0 474.0


672

2
276.0 475.0
276.0 475.0


673

2
315.0 475.0
315.0 475.0


674

4
381.0 475.0
383.0 480.0
383.0 480.0
381.0 475.0


675

4
474.0 475.0
477.0 480.0
477.0 480.0
474.0 475.0


676

4
509.0 475.0
514.0 478.0
514.0 478.0
509.0 475.0


677

2
638.0 475.0
638.0 475.0


678

2
277.0 476.0
277.0 476.0


679

2
439.0 476.0
439.0 476.0


680

4
446.0 476.0
451.0 480.0
451.0 480.0
446.0 476.0


681

2
229.0 477.0
229.0 477.0


682

4
311.0 477.0
312.0 473.0
312.0 473.0
311.0 477.0


683

4
327.0 477.0
329.0 473.0
329.0 473.0
327.0 477.0


684

2
386.0 477.0
386.0 477.0


685

4
435.0 477.0
438.0 480.0
438.0 480.0
435.0 477.0


686

4
389.0 478.0
393.0 480.0
393.0 480.0
389.0 478.0


687

2
440.0 478.0
440.0 478.0


688

2
231.0 479.0
231.0 479.0


689

2
304.0 479.0
304.0 479.0


690

4
397.0 479.0
401.0 480.0
401.0 480.0
397.0 479.0


