1

30
506.0 43.0
522.0 43.0
522.0 43.0
529.0 47.0
529.0 47.0
541.0 61.0
541.0 61.0
547.0 75.0
547.0 75.0
537.0 59.0
537.0 59.0
524.0 47.0
524.0 47.0
507.0 45.0
507.0 45.0
498.0 50.0
498.0 50.0
464.0 96.0
464.0 96.0
452.0 123.0
452.0 123.0
448.0 147.0
448.0 147.0
449.0 126.0
449.0 126.0
463.0 93.0
463.0 93.0
485.0 59.0
485.0 59.0
506.0 43.0


2

204
507.0 88.0
515.0 88.0
515.0 88.0
520.0 92.0
520.0 92.0
530.0 112.0
530.0 112.0
532.0 128.0
532.0 128.0
539.0 133.0
539.0 133.0
542.0 140.0
542.0 140.0
540.0 143.0
540.0 143.0
538.0 135.0
538.0 135.0
534.0 133.0
534.0 133.0
539.0 162.0
539.0 162.0
536.0 222.0
536.0 222.0
525.0 260.0
525.0 260.0
505.0 295.0
505.0 295.0
490.0 306.0
490.0 306.0
475.0 307.0
475.0 307.0
462.0 313.0
462.0 313.0
463.0 303.0
463.0 303.0
459.0 296.0
459.0 296.0
461.0 289.0
461.0 289.0
457.0 277.0
457.0 277.0
462.0 283.0
462.0 283.0
465.0 282.0
465.0 282.0
463.0 269.0
463.0 269.0
465.0 277.0
465.0 277.0
466.0 271.0
466.0 271.0
471.0 276.0
471.0 276.0
465.0 266.0
465.0 266.0
467.0 264.0
467.0 264.0
464.0 264.0
464.0 264.0
468.0 263.0
468.0 263.0
464.0 244.0
464.0 244.0
468.0 252.0
468.0 252.0
472.0 252.0
472.0 252.0
471.0 247.0
471.0 247.0
468.0 249.0
468.0 249.0
468.0 243.0
468.0 243.0
466.0 244.0
466.0 244.0
466.0 237.0
466.0 237.0
469.0 234.0
469.0 234.0
464.0 230.0
464.0 230.0
466.0 227.0
466.0 227.0
462.0 226.0
462.0 226.0
462.0 223.0
462.0 223.0
466.0 224.0
466.0 224.0
462.0 218.0
462.0 218.0
467.0 218.0
467.0 218.0
467.0 213.0
467.0 213.0
459.0 205.0
459.0 205.0
464.0 206.0
464.0 206.0
460.0 203.0
460.0 203.0
463.0 201.0
463.0 201.0
461.0 198.0
461.0 198.0
468.0 197.0
468.0 197.0
464.0 196.0
464.0 196.0
467.0 193.0
467.0 193.0
463.0 190.0
463.0 190.0
467.0 189.0
467.0 189.0
462.0 189.0
462.0 189.0
462.0 186.0
462.0 186.0
467.0 186.0
467.0 186.0
466.0 183.0
466.0 183.0
471.0 180.0
471.0 180.0
464.0 180.0
464.0 180.0
467.0 176.0
467.0 176.0
462.0 176.0
462.0 176.0
466.0 174.0
466.0 174.0
463.0 169.0
463.0 169.0
468.0 162.0
468.0 162.0
462.0 164.0
462.0 164.0
464.0 154.0
464.0 154.0
467.0 153.0
467.0 153.0
461.0 150.0
461.0 150.0
468.0 148.0
468.0 148.0
463.0 148.0
463.0 148.0
466.0 141.0
466.0 141.0
461.0 141.0
461.0 141.0
459.0 137.0
459.0 137.0
471.0 133.0
471.0 133.0
463.0 132.0
463.0 132.0
466.0 128.0
466.0 128.0
462.0 128.0
462.0 128.0
466.0 126.0
466.0 126.0
464.0 122.0
464.0 122.0
466.0 123.0
466.0 123.0
470.0 114.0
470.0 114.0
474.0 110.0
474.0 110.0
477.0 111.0
477.0 111.0
476.0 108.0
476.0 108.0
479.0 109.0
479.0 109.0
479.0 106.0
479.0 106.0
486.0 110.0
486.0 110.0
483.0 106.0
483.0 106.0
487.0 107.0
487.0 107.0
489.0 98.0
489.0 98.0
501.0 102.0
501.0 102.0
498.0 99.0
498.0 99.0
505.0 98.0
505.0 98.0
496.0 96.0
496.0 96.0
501.0 96.0
501.0 96.0
498.0 93.0
498.0 93.0
502.0 94.0
502.0 94.0
507.0 88.0


3

2
506.0 98.0
506.0 98.0


4

6
555.0 108.0
561.0 114.0
561.0 114.0
554.0 116.0
554.0 116.0
555.0 108.0


5

4
486.0 111.0
488.0 110.0
488.0 110.0
486.0 111.0


6

4
528.0 119.0
529.0 116.0
529.0 116.0
528.0 119.0


7

14
560.0 121.0
567.0 162.0
567.0 162.0
567.0 196.0
567.0 196.0
559.0 237.0
559.0 237.0
565.0 194.0
565.0 194.0
565.0 162.0
565.0 162.0
559.0 136.0
559.0 136.0
560.0 121.0


8

2
472.0 126.0
472.0 126.0


9

2
471.0 128.0
471.0 128.0


10

4
528.0 128.0
529.0 126.0
529.0 126.0
528.0 128.0


11

2
470.0 129.0
470.0 129.0


12

2
469.0 130.0
469.0 130.0


13

2
468.0 131.0
468.0 131.0


14

2
471.0 132.0
471.0 132.0


15

4
529.0 133.0
530.0 131.0
530.0 131.0
529.0 133.0


16

2
533.0 133.0
533.0 133.0


17

4
530.0 136.0
531.0 134.0
531.0 134.0
530.0 136.0


18

4
531.0 139.0
532.0 137.0
532.0 137.0
531.0 139.0


19

4
532.0 143.0
533.0 141.0
533.0 141.0
532.0 143.0


20

2
468.0 148.0
468.0 148.0


21

4
533.0 148.0
534.0 145.0
534.0 145.0
533.0 148.0


22

6
442.0 149.0
443.0 172.0
443.0 172.0
438.0 183.0
438.0 183.0
442.0 149.0


23

18
85.0 152.0
96.0 152.0
96.0 152.0
99.0 155.0
99.0 155.0
84.0 154.0
84.0 154.0
72.0 162.0
72.0 162.0
66.0 177.0
66.0 177.0
64.0 197.0
64.0 197.0
67.0 167.0
67.0 167.0
77.0 155.0
77.0 155.0
85.0 152.0


24

16
108.0 153.0
135.0 161.0
135.0 161.0
160.0 176.0
160.0 176.0
181.0 198.0
181.0 198.0
191.0 218.0
191.0 218.0
177.0 196.0
177.0 196.0
160.0 179.0
160.0 179.0
144.0 168.0
144.0 168.0
108.0 153.0


25

4
534.0 154.0
535.0 150.0
535.0 150.0
534.0 154.0


26

4
535.0 161.0
536.0 156.0
536.0 156.0
535.0 161.0


27

156
118.0 172.0
143.0 174.0
143.0 174.0
143.0 180.0
143.0 180.0
146.0 175.0
146.0 175.0
145.0 182.0
145.0 182.0
149.0 188.0
149.0 188.0
152.0 186.0
152.0 186.0
150.0 180.0
150.0 180.0
153.0 182.0
153.0 182.0
153.0 191.0
153.0 191.0
159.0 185.0
159.0 185.0
157.0 194.0
157.0 194.0
162.0 189.0
162.0 189.0
161.0 196.0
161.0 196.0
167.0 197.0
167.0 197.0
160.0 199.0
160.0 199.0
169.0 205.0
169.0 205.0
167.0 207.0
167.0 207.0
174.0 219.0
174.0 219.0
177.0 218.0
177.0 218.0
175.0 212.0
175.0 212.0
177.0 213.0
177.0 213.0
184.0 227.0
184.0 227.0
182.0 231.0
182.0 231.0
190.0 236.0
190.0 236.0
184.0 239.0
184.0 239.0
187.0 242.0
187.0 242.0
193.0 241.0
193.0 241.0
188.0 245.0
188.0 245.0
196.0 246.0
196.0 246.0
189.0 250.0
189.0 250.0
199.0 252.0
199.0 252.0
188.0 257.0
188.0 257.0
192.0 258.0
192.0 258.0
191.0 260.0
191.0 260.0
198.0 260.0
198.0 260.0
192.0 264.0
192.0 264.0
198.0 267.0
198.0 267.0
195.0 272.0
195.0 272.0
200.0 268.0
200.0 268.0
201.0 275.0
201.0 275.0
204.0 270.0
204.0 270.0
205.0 276.0
205.0 276.0
207.0 273.0
207.0 273.0
210.0 280.0
210.0 280.0
211.0 272.0
211.0 272.0
203.0 241.0
203.0 241.0
205.0 238.0
205.0 238.0
185.0 199.0
185.0 199.0
209.0 241.0
209.0 241.0
265.0 306.0
265.0 306.0
277.0 311.0
277.0 311.0
277.0 316.0
277.0 316.0
298.0 310.0
298.0 310.0
287.0 317.0
287.0 317.0
276.0 318.0
276.0 318.0
274.0 313.0
274.0 313.0
262.0 306.0
262.0 306.0
241.0 284.0
241.0 284.0
205.0 239.0
205.0 239.0
222.0 302.0
222.0 302.0
241.0 344.0
241.0 344.0
240.0 356.0
240.0 356.0
232.0 368.0
232.0 368.0
233.0 374.0
233.0 374.0
229.0 375.0
229.0 375.0
227.0 380.0
227.0 380.0
218.0 380.0
218.0 380.0
222.0 376.0
222.0 376.0
207.0 377.0
207.0 377.0
196.0 374.0
196.0 374.0
164.0 356.0
164.0 356.0
135.0 327.0
135.0 327.0
112.0 293.0
112.0 293.0
87.0 236.0
87.0 236.0
83.0 205.0
83.0 205.0
87.0 192.0
87.0 192.0
97.0 180.0
97.0 180.0
118.0 172.0


28

2
472.0 175.0
472.0 175.0


29

2
471.0 176.0
471.0 176.0


30

2
470.0 177.0
470.0 177.0


31

2
469.0 178.0
469.0 178.0


32

2
471.0 180.0
471.0 180.0


33

4
536.0 180.0
537.0 166.0
537.0 166.0
536.0 180.0


34

2
463.0 187.0
463.0 187.0


35

4
467.0 188.0
468.0 186.0
468.0 186.0
467.0 188.0


36

2
468.0 189.0
468.0 189.0


37

70
352.0 195.0
352.0 216.0
352.0 216.0
354.0 215.0
354.0 215.0
357.0 231.0
357.0 231.0
354.0 232.0
354.0 232.0
353.0 264.0
353.0 264.0
349.0 269.0
349.0 269.0
348.0 264.0
348.0 264.0
347.0 267.0
347.0 267.0
346.0 263.0
346.0 263.0
344.0 264.0
344.0 264.0
346.0 254.0
346.0 254.0
343.0 255.0
343.0 255.0
335.0 239.0
335.0 239.0
334.0 256.0
334.0 256.0
332.0 255.0
332.0 255.0
332.0 240.0
332.0 240.0
336.0 236.0
336.0 236.0
333.0 230.0
333.0 230.0
330.0 234.0
330.0 234.0
330.0 216.0
330.0 216.0
326.0 209.0
326.0 209.0
332.0 218.0
332.0 218.0
336.0 218.0
336.0 218.0
336.0 227.0
336.0 227.0
337.0 217.0
337.0 217.0
334.0 215.0
334.0 215.0
338.0 214.0
338.0 214.0
334.0 211.0
334.0 211.0
340.0 211.0
340.0 211.0
342.0 218.0
342.0 218.0
338.0 200.0
338.0 200.0
342.0 208.0
342.0 208.0
345.0 203.0
345.0 203.0
348.0 209.0
348.0 209.0
352.0 195.0


38

14
431.0 195.0
433.0 197.0
433.0 197.0
426.0 216.0
426.0 216.0
428.0 227.0
428.0 227.0
424.0 224.0
424.0 224.0
417.0 260.0
417.0 260.0
423.0 219.0
423.0 219.0
431.0 195.0


39

2
470.0 195.0
470.0 195.0


40

4
536.0 195.0
537.0 182.0
537.0 182.0
536.0 195.0


41

748
314.0 196.0
317.0 197.0
317.0 197.0
320.0 208.0
320.0 208.0
327.0 205.0
327.0 205.0
320.0 210.0
320.0 210.0
321.0 225.0
321.0 225.0
324.0 226.0
324.0 226.0
325.0 267.0
325.0 267.0
320.0 257.0
320.0 257.0
319.0 262.0
319.0 262.0
324.0 269.0
324.0 269.0
326.0 268.0
326.0 268.0
329.0 287.0
329.0 287.0
330.0 280.0
330.0 280.0
332.0 288.0
332.0 288.0
335.0 280.0
335.0 280.0
335.0 291.0
335.0 291.0
339.0 299.0
339.0 299.0
349.0 307.0
349.0 307.0
370.0 308.0
370.0 308.0
386.0 315.0
386.0 315.0
412.0 319.0
412.0 319.0
430.0 330.0
430.0 330.0
450.0 352.0
450.0 352.0
459.0 356.0
459.0 356.0
461.0 355.0
461.0 355.0
454.0 344.0
454.0 344.0
432.0 326.0
432.0 326.0
409.0 314.0
409.0 314.0
388.0 309.0
388.0 309.0
398.0 308.0
398.0 308.0
422.0 316.0
422.0 316.0
409.0 305.0
409.0 305.0
387.0 299.0
387.0 299.0
367.0 301.0
367.0 301.0
359.0 294.0
359.0 294.0
360.0 289.0
360.0 289.0
363.0 292.0
363.0 292.0
363.0 286.0
363.0 286.0
372.0 279.0
372.0 279.0
370.0 274.0
370.0 274.0
366.0 280.0
366.0 280.0
361.0 281.0
361.0 281.0
368.0 267.0
368.0 267.0
367.0 263.0
367.0 263.0
373.0 261.0
373.0 261.0
370.0 267.0
370.0 267.0
373.0 278.0
373.0 278.0
377.0 278.0
377.0 278.0
389.0 266.0
389.0 266.0
385.0 280.0
385.0 280.0
392.0 281.0
392.0 281.0
386.0 284.0
386.0 284.0
384.0 293.0
384.0 293.0
381.0 293.0
381.0 293.0
382.0 281.0
382.0 281.0
376.0 289.0
376.0 289.0
376.0 279.0
376.0 279.0
373.0 280.0
373.0 280.0
374.0 286.0
374.0 286.0
370.0 288.0
370.0 288.0
370.0 293.0
370.0 293.0
372.0 289.0
372.0 289.0
375.0 298.0
375.0 298.0
395.0 296.0
395.0 296.0
410.0 300.0
410.0 300.0
421.0 310.0
421.0 310.0
438.0 317.0
438.0 317.0
444.0 323.0
444.0 323.0
483.0 337.0
483.0 337.0
505.0 357.0
505.0 357.0
500.0 335.0
500.0 335.0
502.0 317.0
502.0 317.0
534.0 286.0
534.0 286.0
556.0 247.0
556.0 247.0
544.0 275.0
544.0 275.0
527.0 298.0
527.0 298.0
507.0 315.0
507.0 315.0
502.0 328.0
502.0 328.0
506.0 345.0
506.0 345.0
505.0 358.0
505.0 358.0
516.0 373.0
516.0 373.0
525.0 395.0
525.0 395.0
528.0 392.0
528.0 392.0
527.0 387.0
527.0 387.0
530.0 395.0
530.0 395.0
534.0 389.0
534.0 389.0
534.0 403.0
534.0 403.0
538.0 388.0
538.0 388.0
540.0 389.0
540.0 389.0
537.0 408.0
537.0 408.0
540.0 412.0
540.0 412.0
540.0 443.0
540.0 443.0
532.0 433.0
532.0 433.0
530.0 434.0
530.0 434.0
534.0 441.0
534.0 441.0
526.0 434.0
526.0 434.0
524.0 437.0
524.0 437.0
544.0 470.0
544.0 470.0
554.0 500.0
554.0 500.0
558.0 526.0
558.0 526.0
559.0 586.0
559.0 586.0
565.0 634.0
565.0 634.0
549.0 577.0
549.0 577.0
545.0 494.0
545.0 494.0
539.0 474.0
539.0 474.0
525.0 449.0
525.0 449.0
520.0 459.0
520.0 459.0
520.0 475.0
520.0 475.0
522.0 473.0
522.0 473.0
524.0 484.0
524.0 484.0
523.0 464.0
523.0 464.0
526.0 454.0
526.0 454.0
532.0 487.0
532.0 487.0
532.0 490.0
532.0 490.0
528.0 488.0
528.0 488.0
530.0 497.0
530.0 497.0
527.0 497.0
527.0 497.0
525.0 490.0
525.0 490.0
526.0 513.0
526.0 513.0
537.0 546.0
537.0 546.0
536.0 553.0
536.0 553.0
529.0 554.0
529.0 554.0
530.0 563.0
530.0 563.0
536.0 573.0
536.0 573.0
547.0 620.0
547.0 620.0
574.0 760.0
574.0 760.0
574.0 794.0
574.0 794.0
570.0 813.0
570.0 813.0
576.0 798.0
576.0 798.0
578.0 775.0
578.0 775.0
559.0 653.0
559.0 653.0
552.0 617.0
552.0 617.0
540.0 579.0
540.0 579.0
538.0 552.0
538.0 552.0
565.0 658.0
565.0 658.0
581.0 772.0
581.0 772.0
580.0 797.0
580.0 797.0
568.0 826.0
568.0 826.0
526.0 881.0
526.0 881.0
531.0 891.0
531.0 891.0
531.0 910.0
531.0 910.0
528.0 909.0
528.0 909.0
524.0 898.0
524.0 898.0
519.0 899.0
519.0 899.0
510.0 890.0
510.0 890.0
514.0 869.0
514.0 869.0
516.0 820.0
516.0 820.0
531.0 793.0
531.0 793.0
539.0 757.0
539.0 757.0
539.0 736.0
539.0 736.0
533.0 709.0
533.0 709.0
531.0 675.0
531.0 675.0
522.0 644.0
522.0 644.0
518.0 638.0
518.0 638.0
510.0 634.0
510.0 634.0
487.0 635.0
487.0 635.0
463.0 622.0
463.0 622.0
442.0 618.0
442.0 618.0
422.0 641.0
422.0 641.0
420.0 652.0
420.0 652.0
432.0 695.0
432.0 695.0
444.0 705.0
444.0 705.0
444.0 713.0
444.0 713.0
440.0 718.0
440.0 718.0
436.0 717.0
436.0 717.0
432.0 706.0
432.0 706.0
436.0 724.0
436.0 724.0
449.0 735.0
449.0 735.0
455.0 723.0
455.0 723.0
484.0 740.0
484.0 740.0
497.0 754.0
497.0 754.0
502.0 767.0
502.0 767.0
501.0 774.0
501.0 774.0
510.0 789.0
510.0 789.0
511.0 801.0
511.0 801.0
506.0 827.0
506.0 827.0
508.0 873.0
508.0 873.0
501.0 899.0
501.0 899.0
491.0 913.0
491.0 913.0
508.0 924.0
508.0 924.0
519.0 922.0
519.0 922.0
523.0 912.0
523.0 912.0
535.0 917.0
535.0 917.0
541.0 916.0
541.0 916.0
544.0 906.0
544.0 906.0
555.0 896.0
555.0 896.0
564.0 879.0
564.0 879.0
576.0 830.0
576.0 830.0
592.0 788.0
592.0 788.0
599.0 735.0
599.0 735.0
603.0 666.0
603.0 666.0
604.0 600.0
604.0 600.0
601.0 571.0
601.0 571.0
588.0 524.0
588.0 524.0
575.0 501.0
575.0 501.0
577.0 498.0
577.0 498.0
561.0 474.0
561.0 474.0
564.0 470.0
564.0 470.0
561.0 464.0
561.0 464.0
563.0 461.0
563.0 461.0
559.0 458.0
559.0 458.0
559.0 440.0
559.0 440.0
574.0 415.0
574.0 415.0
573.0 421.0
573.0 421.0
577.0 426.0
577.0 426.0
580.0 423.0
580.0 423.0
579.0 429.0
579.0 429.0
584.0 423.0
584.0 423.0
581.0 439.0
581.0 439.0
582.0 431.0
582.0 431.0
585.0 436.0
585.0 436.0
591.0 427.0
591.0 427.0
586.0 436.0
586.0 436.0
587.0 438.0
587.0 438.0
590.0 434.0
590.0 434.0
584.0 452.0
584.0 452.0
589.0 450.0
589.0 450.0
581.0 464.0
581.0 464.0
578.0 503.0
578.0 503.0
588.0 512.0
588.0 512.0
604.0 535.0
604.0 535.0
624.0 581.0
624.0 581.0
640.0 607.0
640.0 607.0
647.0 630.0
647.0 630.0
649.0 660.0
649.0 660.0
657.0 678.0
657.0 678.0
666.0 689.0
666.0 689.0
633.0 578.0
633.0 578.0
619.0 544.0
619.0 544.0
606.0 531.0
606.0 531.0
612.0 515.0
612.0 515.0
604.0 514.0
604.0 514.0
607.0 499.0
607.0 499.0
615.0 493.0
615.0 493.0
609.0 493.0
609.0 493.0
614.0 483.0
614.0 483.0
629.0 468.0
629.0 468.0
636.0 468.0
636.0 468.0
637.0 471.0
637.0 471.0
642.0 464.0
642.0 464.0
627.0 502.0
627.0 502.0
627.0 507.0
627.0 507.0
630.0 507.0
630.0 507.0
625.0 519.0
625.0 519.0
631.0 507.0
631.0 507.0
632.0 509.0
632.0 509.0
626.0 523.0
626.0 523.0
622.0 548.0
622.0 548.0
639.0 570.0
639.0 570.0
654.0 602.0
654.0 602.0
699.0 748.0
699.0 748.0
721.0 801.0
721.0 801.0
743.0 844.0
743.0 844.0
751.0 880.0
751.0 880.0
750.0 918.0
750.0 918.0
737.0 956.0
737.0 956.0
696.0 1012.0
696.0 1012.0
678.0 1028.0
678.0 1028.0
666.0 1034.0
666.0 1034.0
648.0 1038.0
648.0 1038.0
594.0 1039.0
594.0 1039.0
559.0 1009.0
559.0 1009.0
538.0 1004.0
538.0 1004.0
518.0 989.0
518.0 989.0
495.0 977.0
495.0 977.0
491.0 965.0
491.0 965.0
468.0 1002.0
468.0 1002.0
458.0 1012.0
458.0 1012.0
443.0 1020.0
443.0 1020.0
409.0 1028.0
409.0 1028.0
365.0 1028.0
365.0 1028.0
343.0 1023.0
343.0 1023.0
325.0 1008.0
325.0 1008.0
319.0 992.0
319.0 992.0
320.0 983.0
320.0 983.0
310.0 978.0
310.0 978.0
301.0 968.0
301.0 968.0
287.0 925.0
287.0 925.0
277.0 905.0
277.0 905.0
262.0 904.0
262.0 904.0
250.0 899.0
250.0 899.0
236.0 882.0
236.0 882.0
231.0 857.0
231.0 857.0
235.0 792.0
235.0 792.0
264.0 720.0
264.0 720.0
270.0 664.0
270.0 664.0
268.0 660.0
268.0 660.0
261.0 686.0
261.0 686.0
248.0 698.0
248.0 698.0
248.0 710.0
248.0 710.0
239.0 682.0
239.0 682.0
239.0 667.0
239.0 667.0
252.0 659.0
252.0 659.0
255.0 648.0
255.0 648.0
265.0 643.0
265.0 643.0
265.0 636.0
265.0 636.0
257.0 626.0
257.0 626.0
242.0 625.0
242.0 625.0
234.0 625.0
234.0 625.0
233.0 631.0
233.0 631.0
226.0 635.0
226.0 635.0
223.0 585.0
223.0 585.0
230.0 586.0
230.0 586.0
243.0 604.0
243.0 604.0
262.0 620.0
262.0 620.0
268.0 635.0
268.0 635.0
271.0 631.0
271.0 631.0
272.0 617.0
272.0 617.0
261.0 602.0
261.0 602.0
235.0 584.0
235.0 584.0
224.0 553.0
224.0 553.0
221.0 528.0
221.0 528.0
219.0 575.0
219.0 575.0
213.0 566.0
213.0 566.0
211.0 546.0
211.0 546.0
201.0 539.0
201.0 539.0
197.0 545.0
197.0 545.0
194.0 541.0
194.0 541.0
191.0 544.0
191.0 544.0
190.0 538.0
190.0 538.0
187.0 540.0
187.0 540.0
187.0 546.0
187.0 546.0
185.0 545.0
185.0 545.0
184.0 511.0
184.0 511.0
190.0 489.0
190.0 489.0
189.0 480.0
189.0 480.0
221.0 412.0
221.0 412.0
249.0 375.0
249.0 375.0
286.0 338.0
286.0 338.0
264.0 344.0
264.0 344.0
249.0 367.0
249.0 367.0
242.0 372.0
242.0 372.0
254.0 347.0
254.0 347.0
283.0 323.0
283.0 323.0
285.0 325.0
285.0 325.0
273.0 340.0
273.0 340.0
291.0 327.0
291.0 327.0
318.0 314.0
318.0 314.0
317.0 309.0
317.0 309.0
305.0 305.0
305.0 305.0
310.0 304.0
310.0 304.0
305.0 298.0
305.0 298.0
298.0 301.0
298.0 301.0
302.0 296.0
302.0 296.0
291.0 292.0
291.0 292.0
295.0 290.0
295.0 290.0
284.0 287.0
284.0 287.0
289.0 280.0
289.0 280.0
283.0 272.0
283.0 272.0
285.0 271.0
285.0 271.0
294.0 281.0
294.0 281.0
285.0 265.0
285.0 265.0
287.0 262.0
287.0 262.0
291.0 270.0
291.0 270.0
289.0 264.0
289.0 264.0
292.0 257.0
292.0 257.0
288.0 247.0
288.0 247.0
293.0 256.0
293.0 256.0
290.0 240.0
290.0 240.0
296.0 245.0
296.0 245.0
294.0 237.0
294.0 237.0
299.0 237.0
299.0 237.0
293.0 220.0
293.0 220.0
301.0 229.0
301.0 229.0
300.0 213.0
300.0 213.0
303.0 216.0
303.0 216.0
302.0 208.0
302.0 208.0
304.0 213.0
304.0 213.0
309.0 209.0
309.0 209.0
311.0 211.0
311.0 211.0
310.0 203.0
310.0 203.0
312.0 209.0
312.0 209.0
315.0 208.0
315.0 208.0
314.0 196.0


42

4
468.0 196.0
470.0 195.0
470.0 195.0
468.0 196.0


43

12
64.0 202.0
72.0 247.0
72.0 247.0
88.0 285.0
88.0 285.0
77.0 267.0
77.0 267.0
70.0 248.0
70.0 248.0
64.0 221.0
64.0 221.0
64.0 202.0


44

2
464.0 207.0
464.0 207.0


45

2
167.0 211.0
167.0 211.0


46

4
168.0 212.0
170.0 211.0
170.0 211.0
168.0 212.0


47

4
345.0 214.0
346.0 212.0
346.0 212.0
345.0 214.0


48

4
308.0 218.0
309.0 215.0
309.0 215.0
308.0 218.0


49

4
305.0 219.0
306.0 213.0
306.0 213.0
305.0 219.0


50

2
330.0 219.0
330.0 219.0


51

4
346.0 219.0
347.0 216.0
347.0 216.0
346.0 219.0


52

18
359.0 228.0
363.0 235.0
363.0 235.0
362.0 242.0
362.0 242.0
366.0 243.0
366.0 243.0
365.0 255.0
365.0 255.0
373.0 256.0
373.0 256.0
362.0 268.0
362.0 268.0
363.0 249.0
363.0 249.0
360.0 258.0
360.0 258.0
359.0 228.0


53

2
334.0 229.0
334.0 229.0


54

2
333.0 230.0
333.0 230.0


55

2
354.0 230.0
354.0 230.0


56

14
453.0 230.0
457.0 242.0
457.0 242.0
454.0 267.0
454.0 267.0
454.0 290.0
454.0 290.0
457.0 294.0
457.0 294.0
452.0 289.0
452.0 289.0
455.0 255.0
455.0 255.0
453.0 230.0


57

2
335.0 231.0
335.0 231.0


58

4
183.0 235.0
186.0 234.0
186.0 234.0
183.0 235.0


59

4
321.0 236.0
322.0 230.0
322.0 230.0
321.0 236.0


60

2
299.0 238.0
299.0 238.0


61

2
298.0 241.0
298.0 241.0


62

2
337.0 244.0
337.0 244.0


63

2
339.0 245.0
339.0 245.0


64

4
361.0 248.0
362.0 246.0
362.0 246.0
361.0 248.0


65

2
360.0 250.0
360.0 250.0


66

22
430.0 251.0
436.0 262.0
436.0 262.0
441.0 263.0
441.0 263.0
446.0 274.0
446.0 274.0
442.0 270.0
442.0 270.0
438.0 271.0
438.0 271.0
440.0 277.0
440.0 277.0
434.0 273.0
434.0 273.0
429.0 260.0
429.0 260.0
434.0 269.0
434.0 269.0
437.0 265.0
437.0 265.0
430.0 251.0


67

2
296.0 252.0
296.0 252.0


68

2
346.0 254.0
346.0 254.0


69

2
467.0 255.0
467.0 255.0


70

2
295.0 256.0
295.0 256.0


71

4
318.0 257.0
319.0 255.0
319.0 255.0
318.0 257.0


72

2
365.0 257.0
365.0 257.0


73

4
468.0 257.0
469.0 255.0
469.0 255.0
468.0 257.0


74

2
469.0 258.0
469.0 258.0


75

4
296.0 259.0
297.0 257.0
297.0 257.0
296.0 259.0


76

2
470.0 259.0
470.0 259.0


77

12
329.0 260.0
331.0 270.0
331.0 270.0
332.0 266.0
332.0 266.0
337.0 266.0
337.0 266.0
334.0 275.0
334.0 275.0
329.0 271.0
329.0 271.0
329.0 260.0


78

16
421.0 262.0
428.0 277.0
428.0 277.0
441.0 288.0
441.0 288.0
448.0 302.0
448.0 302.0
449.0 311.0
449.0 311.0
438.0 299.0
438.0 299.0
438.0 292.0
438.0 292.0
425.0 276.0
425.0 276.0
421.0 262.0


79

6
294.0 264.0
292.0 260.0
292.0 260.0
292.0 266.0
292.0 266.0
294.0 264.0


80

8
339.0 264.0
343.0 277.0
343.0 277.0
342.0 285.0
342.0 285.0
338.0 277.0
338.0 277.0
339.0 264.0


81

2
468.0 264.0
468.0 264.0


82

6
220.0 265.0
239.0 285.0
239.0 285.0
251.0 307.0
251.0 307.0
220.0 265.0


83

6
467.0 266.0
471.0 269.0
471.0 269.0
469.0 265.0
469.0 265.0
467.0 266.0


84

4
193.0 268.0
195.0 267.0
195.0 267.0
193.0 268.0


85

2
192.0 269.0
192.0 269.0


86

2
321.0 269.0
321.0 269.0


87

12
411.0 269.0
413.0 270.0
413.0 270.0
405.0 285.0
405.0 285.0
395.0 292.0
395.0 292.0
388.0 292.0
388.0 292.0
399.0 287.0
399.0 287.0
411.0 269.0


88

2
191.0 270.0
191.0 270.0


89

2
190.0 271.0
190.0 271.0


90

2
310.0 271.0
310.0 271.0


91

2
189.0 272.0
189.0 272.0


92

4
291.0 272.0
292.0 270.0
292.0 270.0
291.0 272.0


93

36
322.0 272.0
319.0 276.0
319.0 276.0
314.0 276.0
314.0 276.0
314.0 279.0
314.0 279.0
311.0 278.0
311.0 278.0
313.0 286.0
313.0 286.0
307.0 286.0
307.0 286.0
311.0 293.0
311.0 293.0
315.0 295.0
315.0 295.0
315.0 291.0
315.0 291.0
318.0 297.0
318.0 297.0
319.0 289.0
319.0 289.0
322.0 293.0
322.0 293.0
320.0 280.0
320.0 280.0
323.0 286.0
323.0 286.0
325.0 283.0
325.0 283.0
325.0 270.0
325.0 270.0
322.0 269.0
322.0 269.0
322.0 272.0


94

4
367.0 272.0
368.0 270.0
368.0 270.0
367.0 272.0


95

2
292.0 273.0
292.0 273.0


96

2
311.0 273.0
311.0 273.0


97

2
384.0 273.0
384.0 273.0


98

4
194.0 274.0
195.0 272.0
195.0 272.0
194.0 274.0


99

2
312.0 274.0
312.0 274.0


100

4
366.0 274.0
367.0 272.0
367.0 272.0
366.0 274.0


101

4
193.0 276.0
194.0 274.0
194.0 274.0
193.0 276.0


102

2
199.0 276.0
199.0 276.0


103

4
313.0 276.0
314.0 274.0
314.0 274.0
313.0 276.0


104

6
382.0 276.0
384.0 273.0
384.0 273.0
380.0 275.0
380.0 275.0
382.0 276.0


105

4
211.0 278.0
212.0 276.0
212.0 276.0
211.0 278.0


106

2
310.0 278.0
310.0 278.0


107

2
379.0 278.0
379.0 278.0


108

4
467.0 278.0
468.0 276.0
468.0 276.0
467.0 278.0


109

2
378.0 279.0
378.0 279.0


110

6
380.0 280.0
383.0 281.0
383.0 281.0
383.0 278.0
383.0 278.0
380.0 280.0


111

4
466.0 280.0
467.0 278.0
467.0 278.0
466.0 280.0


112

4
468.0 280.0
469.0 278.0
469.0 278.0
468.0 280.0


113

2
384.0 281.0
384.0 281.0


114

2
469.0 281.0
469.0 281.0


115

2
212.0 282.0
212.0 282.0


116

2
289.0 282.0
289.0 282.0


117

2
307.0 283.0
307.0 283.0


118

2
291.0 284.0
291.0 284.0


119

2
308.0 284.0
308.0 284.0


120

6
370.0 284.0
371.0 282.0
371.0 282.0
368.0 285.0
368.0 285.0
370.0 284.0


121

2
460.0 285.0
460.0 285.0


122

4
463.0 285.0
464.0 283.0
464.0 283.0
463.0 285.0


123

4
206.0 286.0
207.0 276.0
207.0 276.0
206.0 286.0


124

12
212.0 286.0
210.0 290.0
210.0 290.0
214.0 292.0
214.0 292.0
215.0 301.0
215.0 301.0
218.0 298.0
218.0 298.0
214.0 284.0
214.0 284.0
212.0 286.0


125

4
288.0 286.0
290.0 285.0
290.0 285.0
288.0 286.0


126

6
418.0 286.0
426.0 290.0
426.0 290.0
439.0 305.0
439.0 305.0
418.0 286.0


127

2
461.0 286.0
461.0 286.0


128

4
290.0 287.0
292.0 286.0
292.0 286.0
290.0 287.0


129

4
464.0 287.0
465.0 285.0
465.0 285.0
464.0 287.0


130

4
292.0 288.0
294.0 287.0
294.0 287.0
292.0 288.0


131

2
302.0 288.0
302.0 288.0


132

4
304.0 289.0
306.0 288.0
306.0 288.0
304.0 289.0


133

6
326.0 289.0
325.0 283.0
325.0 283.0
325.0 296.0
325.0 296.0
326.0 289.0


134

4
330.0 289.0
331.0 287.0
331.0 287.0
330.0 289.0


135

2
306.0 290.0
306.0 290.0


136

4
367.0 291.0
368.0 285.0
368.0 285.0
367.0 291.0


137

4
295.0 292.0
297.0 291.0
297.0 291.0
295.0 292.0


138

2
212.0 293.0
212.0 293.0


139

2
361.0 294.0
361.0 294.0


140

2
362.0 295.0
362.0 295.0


141

4
368.0 295.0
369.0 293.0
369.0 293.0
368.0 295.0


142

2
315.0 296.0
315.0 296.0


143

2
461.0 297.0
461.0 297.0


144

2
374.0 299.0
374.0 299.0


145

32
96.0 301.0
124.0 341.0
124.0 341.0
149.0 366.0
149.0 366.0
171.0 379.0
171.0 379.0
203.0 386.0
203.0 386.0
215.0 395.0
215.0 395.0
217.0 401.0
217.0 401.0
208.0 416.0
208.0 416.0
197.0 446.0
197.0 446.0
199.0 432.0
199.0 432.0
215.0 401.0
215.0 401.0
214.0 397.0
214.0 397.0
203.0 389.0
203.0 389.0
171.0 382.0
171.0 382.0
146.0 367.0
146.0 367.0
116.0 335.0
116.0 335.0
96.0 301.0


146

2
460.0 304.0
460.0 304.0


147

34
213.0 306.0
214.0 312.0
214.0 312.0
220.0 311.0
220.0 311.0
220.0 314.0
220.0 314.0
214.0 314.0
214.0 314.0
220.0 317.0
220.0 317.0
213.0 318.0
213.0 318.0
223.0 321.0
223.0 321.0
217.0 323.0
217.0 323.0
226.0 328.0
226.0 328.0
226.0 333.0
226.0 333.0
233.0 338.0
233.0 338.0
239.0 348.0
239.0 348.0
237.0 337.0
237.0 337.0
227.0 325.0
227.0 325.0
219.0 301.0
219.0 301.0
217.0 300.0
217.0 300.0
213.0 306.0


148

8
242.0 308.0
246.0 308.0
246.0 308.0
246.0 311.0
246.0 311.0
238.0 323.0
238.0 323.0
242.0 308.0


149

2
213.0 313.0
213.0 313.0


150

10
253.0 314.0
254.0 324.0
254.0 324.0
257.0 322.0
257.0 322.0
258.0 325.0
258.0 325.0
247.0 356.0
247.0 356.0
253.0 314.0


151

66
356.0 316.0
360.0 320.0
360.0 320.0
400.0 330.0
400.0 330.0
434.0 347.0
434.0 347.0
473.0 379.0
473.0 379.0
475.0 391.0
475.0 391.0
481.0 398.0
481.0 398.0
498.0 403.0
498.0 403.0
498.0 414.0
498.0 414.0
508.0 410.0
508.0 410.0
527.0 426.0
527.0 426.0
520.0 406.0
520.0 406.0
520.0 390.0
520.0 390.0
505.0 379.0
505.0 379.0
498.0 359.0
498.0 359.0
479.0 341.0
479.0 341.0
443.0 327.0
443.0 327.0
458.0 339.0
458.0 339.0
465.0 340.0
465.0 340.0
487.0 363.0
487.0 363.0
486.0 377.0
486.0 377.0
493.0 384.0
493.0 384.0
496.0 398.0
496.0 398.0
487.0 395.0
487.0 395.0
485.0 382.0
485.0 382.0
479.0 375.0
479.0 375.0
472.0 373.0
472.0 373.0
461.0 359.0
461.0 359.0
446.0 353.0
446.0 353.0
417.0 327.0
417.0 327.0
379.0 315.0
379.0 315.0
365.0 316.0
365.0 316.0
356.0 313.0
356.0 313.0
356.0 316.0


152

4
422.0 317.0
424.0 316.0
424.0 316.0
422.0 317.0


153

6
424.0 318.0
443.0 327.0
443.0 327.0
435.0 319.0
435.0 319.0
424.0 318.0


154

36
348.0 327.0
376.0 342.0
376.0 342.0
392.0 356.0
392.0 356.0
407.0 375.0
407.0 375.0
432.0 389.0
432.0 389.0
439.0 398.0
439.0 398.0
442.0 414.0
442.0 414.0
448.0 425.0
448.0 425.0
460.0 431.0
460.0 431.0
467.0 429.0
467.0 429.0
464.0 420.0
464.0 420.0
468.0 416.0
468.0 416.0
469.0 407.0
469.0 407.0
457.0 388.0
457.0 388.0
418.0 369.0
418.0 369.0
399.0 349.0
399.0 349.0
378.0 334.0
378.0 334.0
358.0 326.0
358.0 326.0
348.0 327.0


155

2
224.0 330.0
224.0 330.0


156

2
286.0 338.0
286.0 338.0


157

36
345.0 339.0
367.0 363.0
367.0 363.0
380.0 388.0
380.0 388.0
391.0 399.0
391.0 399.0
396.0 412.0
396.0 412.0
383.0 480.0
383.0 480.0
360.0 542.0
360.0 542.0
359.0 573.0
359.0 573.0
363.0 580.0
363.0 580.0
372.0 534.0
372.0 534.0
390.0 498.0
390.0 498.0
407.0 436.0
407.0 436.0
418.0 425.0
418.0 425.0
420.0 415.0
420.0 415.0
393.0 391.0
393.0 391.0
373.0 358.0
373.0 358.0
358.0 344.0
358.0 344.0
346.0 337.0
346.0 337.0
345.0 339.0


158

2
272.0 341.0
272.0 341.0


159

36
322.0 341.0
323.0 338.0
323.0 338.0
296.0 375.0
296.0 375.0
299.0 417.0
299.0 417.0
307.0 452.0
307.0 452.0
307.0 483.0
307.0 483.0
316.0 518.0
316.0 518.0
308.0 597.0
308.0 597.0
314.0 593.0
314.0 593.0
317.0 575.0
317.0 575.0
320.0 520.0
320.0 520.0
313.0 460.0
313.0 460.0
315.0 440.0
315.0 440.0
304.0 400.0
304.0 400.0
314.0 389.0
314.0 389.0
313.0 382.0
313.0 382.0
306.0 376.0
306.0 376.0
306.0 371.0
306.0 371.0
322.0 341.0


160

2
271.0 342.0
271.0 342.0


161

194
669.0 343.0
676.0 362.0
676.0 362.0
683.0 370.0
683.0 370.0
689.0 373.0
689.0 373.0
691.0 356.0
691.0 356.0
692.0 375.0
692.0 375.0
700.0 379.0
700.0 379.0
705.0 368.0
705.0 368.0
701.0 381.0
701.0 381.0
711.0 395.0
711.0 395.0
722.0 396.0
722.0 396.0
722.0 399.0
722.0 399.0
737.0 405.0
737.0 405.0
757.0 421.0
757.0 421.0
770.0 442.0
770.0 442.0
774.0 459.0
774.0 459.0
787.0 472.0
787.0 472.0
800.0 495.0
800.0 495.0
800.0 585.0
800.0 585.0
779.0 608.0
779.0 608.0
771.0 634.0
771.0 634.0
766.0 634.0
766.0 634.0
763.0 629.0
763.0 629.0
766.0 615.0
766.0 615.0
758.0 621.0
758.0 621.0
760.0 623.0
760.0 623.0
755.0 629.0
755.0 629.0
756.0 639.0
756.0 639.0
749.0 654.0
749.0 654.0
749.0 657.0
749.0 657.0
752.0 654.0
752.0 654.0
749.0 670.0
749.0 670.0
773.0 693.0
773.0 693.0
800.0 728.0
800.0 728.0
800.0 773.0
800.0 773.0
788.0 732.0
788.0 732.0
779.0 713.0
779.0 713.0
759.0 684.0
759.0 684.0
737.0 661.0
737.0 661.0
739.0 650.0
739.0 650.0
735.0 654.0
735.0 654.0
736.0 630.0
736.0 630.0
750.0 611.0
750.0 611.0
753.0 597.0
753.0 597.0
755.0 598.0
755.0 598.0
759.0 592.0
759.0 592.0
761.0 594.0
761.0 594.0
763.0 588.0
763.0 588.0
767.0 586.0
767.0 586.0
763.0 592.0
763.0 592.0
767.0 592.0
767.0 592.0
763.0 599.0
763.0 599.0
765.0 600.0
765.0 600.0
769.0 591.0
769.0 591.0
771.0 596.0
771.0 596.0
774.0 585.0
774.0 585.0
768.0 573.0
768.0 573.0
757.0 573.0
757.0 573.0
750.0 566.0
750.0 566.0
750.0 555.0
750.0 555.0
743.0 536.0
743.0 536.0
745.0 533.0
745.0 533.0
750.0 552.0
750.0 552.0
751.0 541.0
751.0 541.0
747.0 520.0
747.0 520.0
717.0 504.0
717.0 504.0
699.0 476.0
699.0 476.0
693.0 437.0
693.0 437.0
683.0 417.0
683.0 417.0
693.0 431.0
693.0 431.0
696.0 449.0
696.0 449.0
698.0 444.0
698.0 444.0
704.0 480.0
704.0 480.0
727.0 503.0
727.0 503.0
747.0 514.0
747.0 514.0
742.0 490.0
742.0 490.0
736.0 486.0
736.0 486.0
741.0 487.0
741.0 487.0
741.0 484.0
741.0 484.0
726.0 476.0
726.0 476.0
739.0 480.0
739.0 480.0
737.0 465.0
737.0 465.0
722.0 453.0
722.0 453.0
704.0 444.0
704.0 444.0
705.0 442.0
705.0 442.0
725.0 453.0
725.0 453.0
703.0 430.0
703.0 430.0
696.0 413.0
696.0 413.0
697.0 411.0
697.0 411.0
702.0 419.0
702.0 419.0
702.0 411.0
702.0 411.0
689.0 395.0
689.0 395.0
682.0 393.0
682.0 393.0
688.0 392.0
688.0 392.0
682.0 381.0
682.0 381.0
681.0 370.0
681.0 370.0
672.0 359.0
672.0 359.0
669.0 343.0


162

4
290.0 350.0
288.0 351.0
288.0 351.0
290.0 350.0


163

36
304.0 351.0
298.0 351.0
298.0 351.0
289.0 357.0
289.0 357.0
275.0 379.0
275.0 379.0
268.0 400.0
268.0 400.0
263.0 439.0
263.0 439.0
255.0 463.0
255.0 463.0
257.0 495.0
257.0 495.0
285.0 553.0
285.0 553.0
286.0 602.0
286.0 602.0
293.0 593.0
293.0 593.0
292.0 545.0
292.0 545.0
288.0 530.0
288.0 530.0
278.0 517.0
278.0 517.0
271.0 498.0
271.0 498.0
266.0 453.0
266.0 453.0
272.0 413.0
272.0 413.0
282.0 378.0
282.0 378.0
304.0 351.0


164

80
287.0 352.0
281.0 354.0
281.0 354.0
265.0 370.0
265.0 370.0
248.0 395.0
248.0 395.0
234.0 423.0
234.0 423.0
220.0 432.0
220.0 432.0
202.0 466.0
202.0 466.0
206.0 492.0
206.0 492.0
197.0 489.0
197.0 489.0
198.0 494.0
198.0 494.0
204.0 494.0
204.0 494.0
223.0 520.0
223.0 520.0
251.0 543.0
251.0 543.0
249.0 546.0
249.0 546.0
231.0 543.0
231.0 543.0
221.0 521.0
221.0 521.0
226.0 551.0
226.0 551.0
234.0 566.0
234.0 566.0
266.0 586.0
266.0 586.0
277.0 599.0
277.0 599.0
277.0 585.0
277.0 585.0
274.0 580.0
274.0 580.0
265.0 572.0
265.0 572.0
243.0 564.0
243.0 564.0
240.0 556.0
240.0 556.0
244.0 553.0
244.0 553.0
255.0 553.0
255.0 553.0
268.0 557.0
268.0 557.0
275.0 563.0
275.0 563.0
279.0 574.0
279.0 574.0
281.0 610.0
281.0 610.0
283.0 579.0
283.0 579.0
276.0 551.0
276.0 551.0
262.0 535.0
262.0 535.0
221.0 507.0
221.0 507.0
213.0 490.0
213.0 490.0
212.0 470.0
212.0 470.0
221.0 445.0
221.0 445.0
241.0 424.0
241.0 424.0
259.0 388.0
259.0 388.0
287.0 352.0


165

40
340.0 352.0
341.0 349.0
341.0 349.0
333.0 343.0
333.0 343.0
327.0 365.0
327.0 365.0
344.0 369.0
344.0 369.0
349.0 373.0
349.0 373.0
363.0 429.0
363.0 429.0
360.0 466.0
360.0 466.0
345.0 544.0
345.0 544.0
344.0 574.0
344.0 574.0
349.0 580.0
349.0 580.0
353.0 568.0
353.0 568.0
354.0 529.0
354.0 529.0
369.0 479.0
369.0 479.0
374.0 435.0
374.0 435.0
372.0 420.0
372.0 420.0
367.0 413.0
367.0 413.0
363.0 385.0
363.0 385.0
351.0 364.0
351.0 364.0
340.0 357.0
340.0 357.0
340.0 352.0


166

2
231.0 370.0
231.0 370.0


167

4
229.0 371.0
231.0 370.0
231.0 370.0
229.0 371.0


168

2
228.0 372.0
228.0 372.0


169

8
682.0 373.0
690.0 384.0
690.0 384.0
689.0 375.0
689.0 375.0
683.0 371.0
683.0 371.0
682.0 373.0


170

2
218.0 374.0
218.0 374.0


171

4
222.0 374.0
226.0 373.0
226.0 373.0
222.0 374.0


172

44
313.0 374.0
320.0 380.0
320.0 380.0
332.0 380.0
332.0 380.0
334.0 383.0
334.0 383.0
321.0 406.0
321.0 406.0
321.0 416.0
321.0 416.0
330.0 434.0
330.0 434.0
336.0 466.0
336.0 466.0
337.0 522.0
337.0 522.0
332.0 575.0
332.0 575.0
332.0 578.0
332.0 578.0
336.0 579.0
336.0 579.0
345.0 466.0
345.0 466.0
338.0 420.0
338.0 420.0
330.0 410.0
330.0 410.0
330.0 404.0
330.0 404.0
338.0 392.0
338.0 392.0
340.0 383.0
340.0 383.0
334.0 376.0
334.0 376.0
319.0 373.0
319.0 373.0
318.0 367.0
318.0 367.0
314.0 369.0
314.0 369.0
313.0 374.0


173

8
491.0 375.0
498.0 379.0
498.0 379.0
503.0 393.0
503.0 393.0
492.0 381.0
492.0 381.0
491.0 375.0


174

2
692.0 378.0
692.0 378.0


175

2
683.0 379.0
683.0 379.0


176

2
695.0 380.0
695.0 380.0


177

4
693.0 381.0
694.0 378.0
694.0 378.0
693.0 381.0


178

4
684.0 382.0
685.0 380.0
685.0 380.0
684.0 382.0


179

4
691.0 382.0
692.0 380.0
692.0 380.0
691.0 382.0


180

4
694.0 383.0
695.0 381.0
695.0 381.0
694.0 383.0


181

8
696.0 383.0
700.0 390.0
700.0 390.0
700.0 382.0
700.0 382.0
696.0 380.0
696.0 380.0
696.0 383.0


182

4
685.0 384.0
686.0 382.0
686.0 382.0
685.0 384.0


183

8
466.0 386.0
467.0 391.0
467.0 391.0
471.0 393.0
471.0 393.0
470.0 387.0
470.0 387.0
466.0 386.0


184

10
504.0 386.0
515.0 395.0
515.0 395.0
518.0 405.0
518.0 405.0
511.0 402.0
511.0 402.0
510.0 394.0
510.0 394.0
504.0 386.0


185

6
686.0 387.0
690.0 390.0
690.0 390.0
687.0 384.0
687.0 384.0
686.0 387.0


186

6
692.0 387.0
697.0 391.0
697.0 391.0
693.0 382.0
693.0 382.0
692.0 387.0


187

22
291.0 388.0
291.0 383.0
291.0 383.0
288.0 383.0
288.0 383.0
283.0 412.0
283.0 412.0
283.0 456.0
283.0 456.0
288.0 494.0
288.0 494.0
300.0 533.0
300.0 533.0
299.0 597.0
299.0 597.0
304.0 585.0
304.0 585.0
307.0 534.0
307.0 534.0
289.0 446.0
289.0 446.0
291.0 388.0


188

2
690.0 388.0
690.0 388.0


189

6
702.0 391.0
708.0 394.0
708.0 394.0
703.0 385.0
703.0 385.0
702.0 391.0


190

4
700.0 392.0
701.0 390.0
701.0 390.0
700.0 392.0


191

6
689.0 393.0
692.0 394.0
692.0 394.0
690.0 391.0
690.0 391.0
689.0 393.0


192

8
471.0 395.0
472.0 401.0
472.0 401.0
475.0 401.0
475.0 401.0
474.0 394.0
474.0 394.0
471.0 395.0


193

2
692.0 395.0
692.0 395.0


194

2
695.0 395.0
695.0 395.0


195

4
697.0 395.0
698.0 393.0
698.0 393.0
697.0 395.0


196

6
699.0 395.0
703.0 401.0
703.0 401.0
700.0 393.0
700.0 393.0
699.0 395.0


197

2
703.0 395.0
703.0 395.0


198

6
704.0 396.0
713.0 403.0
713.0 403.0
710.0 396.0
710.0 396.0
704.0 396.0


199

2
260.0 397.0
260.0 397.0


200

2
713.0 398.0
713.0 398.0


201

4
693.0 399.0
696.0 401.0
696.0 401.0
693.0 399.0


202

6
716.0 399.0
714.0 398.0
714.0 398.0
715.0 401.0
715.0 401.0
716.0 399.0


203

4
259.0 400.0
260.0 398.0
260.0 398.0
259.0 400.0


204

4
528.0 401.0
529.0 397.0
529.0 397.0
528.0 401.0


205

2
703.0 402.0
703.0 402.0


206

6
705.0 402.0
715.0 410.0
715.0 410.0
708.0 401.0
708.0 401.0
705.0 402.0


207

4
258.0 403.0
259.0 401.0
259.0 401.0
258.0 403.0


208

6
536.0 403.0
537.0 400.0
537.0 400.0
534.0 409.0
534.0 409.0
536.0 403.0


209

6
696.0 403.0
698.0 404.0
698.0 404.0
697.0 401.0
697.0 401.0
696.0 403.0


210

12
716.0 403.0
758.0 437.0
758.0 437.0
771.0 455.0
771.0 455.0
764.0 434.0
764.0 434.0
747.0 414.0
747.0 414.0
720.0 399.0
720.0 399.0
716.0 403.0


211

2
713.0 404.0
713.0 404.0


212

2
698.0 405.0
698.0 405.0


213

2
714.0 405.0
714.0 405.0


214

26
257.0 406.0
258.0 403.0
258.0 403.0
247.0 431.0
247.0 431.0
228.0 458.0
228.0 458.0
224.0 473.0
224.0 473.0
225.0 490.0
225.0 490.0
242.0 489.0
242.0 489.0
245.0 493.0
245.0 493.0
249.0 492.0
249.0 492.0
240.0 471.0
240.0 471.0
239.0 460.0
239.0 460.0
244.0 442.0
244.0 442.0
253.0 428.0
253.0 428.0
257.0 406.0


215

2
699.0 406.0
699.0 406.0


216

2
528.0 407.0
528.0 407.0


217

2
704.0 407.0
704.0 407.0


218

4
700.0 408.0
701.0 406.0
701.0 406.0
700.0 408.0


219

2
701.0 409.0
701.0 409.0


220

4
705.0 409.0
706.0 407.0
706.0 407.0
705.0 409.0


221

2
702.0 410.0
702.0 410.0


222

2
709.0 410.0
709.0 410.0


223

4
716.0 410.0
719.0 411.0
719.0 411.0
716.0 410.0


224

4
706.0 411.0
707.0 409.0
707.0 409.0
706.0 411.0


225

2
710.0 411.0
710.0 411.0


226

2
707.0 412.0
707.0 412.0


227

4
719.0 412.0
721.0 411.0
721.0 411.0
719.0 412.0


228

6
711.0 415.0
719.0 422.0
719.0 422.0
712.0 411.0
712.0 411.0
711.0 415.0


229

6
719.0 415.0
726.0 422.0
726.0 422.0
729.0 419.0
729.0 419.0
719.0 415.0


230

2
710.0 418.0
710.0 418.0


231

44
483.0 419.0
484.0 416.0
484.0 416.0
479.0 415.0
479.0 415.0
475.0 427.0
475.0 427.0
467.0 433.0
467.0 433.0
449.0 431.0
449.0 431.0
436.0 437.0
436.0 437.0
378.0 546.0
378.0 546.0
373.0 565.0
373.0 565.0
375.0 575.0
375.0 575.0
380.0 572.0
380.0 572.0
393.0 537.0
393.0 537.0
415.0 497.0
415.0 497.0
429.0 484.0
429.0 484.0
459.0 442.0
459.0 442.0
470.0 434.0
470.0 434.0
472.0 435.0
472.0 435.0
469.0 441.0
469.0 441.0
476.0 441.0
476.0 441.0
476.0 433.0
476.0 433.0
483.0 429.0
483.0 429.0
478.0 427.0
478.0 427.0
483.0 419.0


232

4
529.0 419.0
530.0 413.0
530.0 413.0
529.0 419.0


233

2
711.0 419.0
711.0 419.0


234

2
494.0 421.0
494.0 421.0


235

2
493.0 423.0
493.0 423.0


236

2
711.0 423.0
711.0 423.0


237

2
719.0 423.0
719.0 423.0


238

4
573.0 424.0
574.0 422.0
574.0 422.0
573.0 424.0


239

6
703.0 424.0
722.0 445.0
722.0 445.0
705.0 416.0
705.0 416.0
703.0 424.0


240

10
489.0 425.0
492.0 427.0
492.0 427.0
493.0 423.0
493.0 423.0
486.0 423.0
486.0 423.0
483.0 428.0
483.0 428.0
489.0 425.0


241

6
712.0 425.0
714.0 426.0
714.0 426.0
713.0 423.0
713.0 423.0
712.0 425.0


242

2
718.0 425.0
718.0 425.0


243

2
715.0 426.0
715.0 426.0


244

6
724.0 426.0
729.0 430.0
729.0 430.0
726.0 425.0
726.0 425.0
724.0 426.0


245

6
729.0 426.0
738.0 434.0
738.0 434.0
730.0 419.0
730.0 419.0
729.0 426.0


246

2
527.0 427.0
527.0 427.0


247

2
736.0 427.0
736.0 427.0


248

4
574.0 428.0
575.0 425.0
575.0 425.0
574.0 428.0


249

2
714.0 428.0
714.0 428.0


250

4
716.0 428.0
717.0 426.0
717.0 426.0
716.0 428.0


251

2
737.0 428.0
737.0 428.0


252

2
742.0 428.0
742.0 428.0


253

2
567.0 429.0
567.0 429.0


254

4
738.0 430.0
739.0 428.0
739.0 428.0
738.0 430.0


255

2
487.0 431.0
487.0 431.0


256

2
521.0 431.0
521.0 431.0


257

2
527.0 431.0
527.0 431.0


258

4
566.0 431.0
567.0 429.0
567.0 429.0
566.0 431.0


259

6
717.0 431.0
720.0 433.0
720.0 433.0
718.0 428.0
718.0 428.0
717.0 431.0


260

2
522.0 432.0
522.0 432.0


261

2
528.0 432.0
528.0 432.0


262

4
578.0 432.0
579.0 429.0
579.0 429.0
578.0 432.0


263

2
722.0 432.0
722.0 432.0


264

8
739.0 432.0
741.0 437.0
741.0 437.0
745.0 438.0
745.0 438.0
740.0 430.0
740.0 430.0
739.0 432.0


265

6
744.0 432.0
751.0 440.0
751.0 440.0
747.0 432.0
747.0 432.0
744.0 432.0


266

2
523.0 433.0
523.0 433.0


267

2
529.0 433.0
529.0 433.0


268

4
565.0 433.0
566.0 431.0
566.0 431.0
565.0 433.0


269

2
707.0 433.0
707.0 433.0


270

2
723.0 433.0
723.0 433.0


271

10
207.0 434.0
195.0 457.0
195.0 457.0
193.0 472.0
193.0 472.0
190.0 475.0
190.0 475.0
195.0 452.0
195.0 452.0
207.0 434.0


272

2
524.0 434.0
524.0 434.0


273

2
564.0 434.0
564.0 434.0


274

2
720.0 434.0
720.0 434.0


275

2
724.0 434.0
724.0 434.0


276

2
738.0 435.0
738.0 435.0


277

2
563.0 436.0
563.0 436.0


278

6
725.0 436.0
729.0 438.0
729.0 438.0
728.0 435.0
728.0 435.0
725.0 436.0


279

2
731.0 436.0
731.0 436.0


280

2
722.0 438.0
722.0 438.0


281

2
753.0 438.0
753.0 438.0


282

6
723.0 439.0
732.0 447.0
732.0 447.0
725.0 438.0
725.0 438.0
723.0 439.0


283

2
731.0 439.0
731.0 439.0


284

2
735.0 439.0
735.0 439.0


285

2
754.0 439.0
754.0 439.0


286

4
585.0 441.0
586.0 439.0
586.0 439.0
585.0 441.0


287

2
729.0 441.0
729.0 441.0


288

2
743.0 441.0
743.0 441.0


289

6
755.0 441.0
759.0 444.0
759.0 444.0
756.0 439.0
756.0 439.0
755.0 441.0


290

2
722.0 442.0
722.0 442.0


291

2
744.0 442.0
744.0 442.0


292

6
733.0 443.0
738.0 445.0
738.0 445.0
737.0 442.0
737.0 442.0
733.0 443.0


293

2
746.0 443.0
746.0 443.0


294

4
751.0 443.0
754.0 445.0
754.0 445.0
751.0 443.0


295

2
561.0 444.0
561.0 444.0


296

8
723.0 444.0
725.0 448.0
725.0 448.0
731.0 450.0
731.0 450.0
724.0 442.0
724.0 442.0
723.0 444.0


297

2
759.0 445.0
759.0 445.0


298

2
738.0 446.0
738.0 446.0


299

2
754.0 446.0
754.0 446.0


300

2
760.0 446.0
760.0 446.0


301

2
735.0 447.0
735.0 447.0


302

2
750.0 447.0
750.0 447.0


303

4
736.0 448.0
744.0 451.0
744.0 451.0
736.0 448.0


304

30
541.0 450.0
554.0 466.0
554.0 466.0
571.0 499.0
571.0 499.0
589.0 563.0
589.0 563.0
589.0 636.0
589.0 636.0
593.0 666.0
593.0 666.0
585.0 700.0
585.0 700.0
584.0 721.0
584.0 721.0
581.0 697.0
581.0 697.0
575.0 682.0
575.0 682.0
578.0 666.0
578.0 666.0
578.0 631.0
578.0 631.0
569.0 568.0
569.0 568.0
568.0 516.0
568.0 516.0
558.0 482.0
558.0 482.0
541.0 450.0


305

2
747.0 450.0
747.0 450.0


306

148
469.0 451.0
467.0 447.0
467.0 447.0
458.0 450.0
458.0 450.0
454.0 480.0
454.0 480.0
447.0 493.0
447.0 493.0
423.0 507.0
423.0 507.0
400.0 534.0
400.0 534.0
399.0 544.0
399.0 544.0
427.0 517.0
427.0 517.0
442.0 511.0
442.0 511.0
436.0 525.0
436.0 525.0
405.0 553.0
405.0 553.0
399.0 567.0
399.0 567.0
395.0 589.0
395.0 589.0
403.0 597.0
403.0 597.0
412.0 565.0
412.0 565.0
435.0 540.0
435.0 540.0
456.0 511.0
456.0 511.0
465.0 491.0
465.0 491.0
467.0 468.0
467.0 468.0
470.0 493.0
470.0 493.0
463.0 525.0
463.0 525.0
455.0 542.0
455.0 542.0
424.0 585.0
424.0 585.0
423.0 605.0
423.0 605.0
412.0 621.0
412.0 621.0
410.0 637.0
410.0 637.0
411.0 640.0
411.0 640.0
414.0 638.0
414.0 638.0
433.0 600.0
433.0 600.0
443.0 592.0
443.0 592.0
463.0 597.0
463.0 597.0
475.0 596.0
475.0 596.0
485.0 603.0
485.0 603.0
501.0 597.0
501.0 597.0
517.0 597.0
517.0 597.0
523.0 600.0
523.0 600.0
529.0 609.0
529.0 609.0
530.0 628.0
530.0 628.0
549.0 725.0
549.0 725.0
552.0 787.0
552.0 787.0
544.0 823.0
544.0 823.0
523.0 866.0
523.0 866.0
523.0 878.0
523.0 878.0
551.0 847.0
551.0 847.0
563.0 827.0
563.0 827.0
570.0 799.0
570.0 799.0
570.0 763.0
570.0 763.0
529.0 572.0
529.0 572.0
522.0 565.0
522.0 565.0
505.0 561.0
505.0 561.0
498.0 552.0
498.0 552.0
488.0 554.0
488.0 554.0
470.0 568.0
470.0 568.0
462.0 569.0
462.0 569.0
454.0 563.0
454.0 563.0
463.0 552.0
463.0 552.0
475.0 523.0
475.0 523.0
486.0 513.0
486.0 513.0
497.0 515.0
497.0 515.0
517.0 537.0
517.0 537.0
524.0 536.0
524.0 536.0
520.0 509.0
520.0 509.0
521.0 479.0
521.0 479.0
518.0 475.0
518.0 475.0
511.0 477.0
511.0 477.0
518.0 485.0
518.0 485.0
517.0 503.0
517.0 503.0
506.0 502.0
506.0 502.0
492.0 481.0
492.0 481.0
482.0 480.0
482.0 480.0
482.0 468.0
482.0 468.0
476.0 467.0
476.0 467.0
475.0 454.0
475.0 454.0
469.0 451.0


307

2
728.0 452.0
728.0 452.0


308

4
760.0 452.0
762.0 451.0
762.0 451.0
760.0 452.0


309

6
729.0 453.0
735.0 458.0
735.0 458.0
734.0 453.0
734.0 453.0
729.0 453.0


310

2
725.0 454.0
725.0 454.0


311

6
742.0 454.0
748.0 459.0
748.0 459.0
746.0 453.0
746.0 453.0
742.0 454.0


312

2
566.0 455.0
566.0 455.0


313

4
726.0 455.0
728.0 454.0
728.0 454.0
726.0 455.0


314

2
749.0 455.0
749.0 455.0


315

2
565.0 456.0
565.0 456.0


316

2
728.0 456.0
728.0 456.0


317

2
771.0 456.0
771.0 456.0


318

2
564.0 457.0
564.0 457.0


319

2
729.0 457.0
729.0 457.0


320

4
750.0 457.0
751.0 455.0
751.0 455.0
750.0 457.0


321

2
563.0 458.0
563.0 458.0


322

10
737.0 458.0
740.0 463.0
740.0 463.0
751.0 468.0
751.0 468.0
751.0 465.0
751.0 465.0
738.0 455.0
738.0 455.0
737.0 458.0


323

2
751.0 458.0
751.0 458.0


324

2
562.0 459.0
562.0 459.0


325

2
770.0 459.0
770.0 459.0


326

2
748.0 460.0
748.0 460.0


327

2
752.0 460.0
752.0 460.0


328

2
563.0 461.0
563.0 461.0


329

4
697.0 462.0
698.0 460.0
698.0 460.0
697.0 462.0


330

4
771.0 462.0
773.0 463.0
773.0 463.0
771.0 462.0


331

6
775.0 465.0
778.0 467.0
778.0 467.0
776.0 463.0
776.0 463.0
775.0 465.0


332

20
320.0 466.0
326.0 516.0
326.0 516.0
320.0 579.0
320.0 579.0
322.0 592.0
322.0 592.0
327.0 582.0
327.0 582.0
327.0 546.0
327.0 546.0
330.0 532.0
330.0 532.0
330.0 499.0
330.0 499.0
323.0 449.0
323.0 449.0
320.0 451.0
320.0 451.0
320.0 466.0


333

2
739.0 468.0
739.0 468.0


334

4
764.0 468.0
765.0 466.0
765.0 466.0
764.0 468.0


335

2
753.0 469.0
753.0 469.0


336

6
778.0 469.0
780.0 470.0
780.0 470.0
779.0 467.0
779.0 467.0
778.0 469.0


337

2
564.0 470.0
564.0 470.0


338

2
747.0 470.0
747.0 470.0


339

4
187.0 471.0
188.0 481.0
188.0 481.0
187.0 471.0


340

4
631.0 471.0
632.0 469.0
632.0 469.0
631.0 471.0


341

2
748.0 471.0
748.0 471.0


342

4
765.0 471.0
766.0 469.0
766.0 469.0
765.0 471.0


343

2
780.0 471.0
780.0 471.0


344

4
633.0 472.0
634.0 470.0
634.0 470.0
633.0 472.0


345

10
740.0 472.0
743.0 483.0
743.0 483.0
754.0 489.0
754.0 489.0
749.0 476.0
749.0 476.0
741.0 468.0
741.0 468.0
740.0 472.0


346

2
776.0 472.0
776.0 472.0


347

2
629.0 473.0
629.0 473.0


348

4
635.0 473.0
636.0 471.0
636.0 471.0
635.0 473.0


349

4
751.0 473.0
753.0 474.0
753.0 474.0
751.0 473.0


350

2
781.0 473.0
781.0 473.0


351

2
632.0 474.0
632.0 474.0


352

4
766.0 474.0
767.0 472.0
767.0 472.0
766.0 474.0


353

4
634.0 475.0
635.0 473.0
635.0 473.0
634.0 475.0


354

2
762.0 475.0
762.0 475.0


355

2
633.0 476.0
633.0 476.0


356

2
751.0 476.0
751.0 476.0


357

4
773.0 476.0
774.0 471.0
774.0 471.0
773.0 476.0


358

4
785.0 476.0
786.0 474.0
786.0 474.0
785.0 476.0


359

2
752.0 477.0
752.0 477.0


360

2
632.0 478.0
632.0 478.0


361

8
779.0 478.0
788.0 494.0
788.0 494.0
786.0 482.0
786.0 482.0
780.0 475.0
780.0 475.0
779.0 478.0


362

6
786.0 478.0
791.0 484.0
791.0 484.0
787.0 476.0
787.0 476.0
786.0 478.0


363

6
753.0 479.0
755.0 480.0
755.0 480.0
754.0 477.0
754.0 477.0
753.0 479.0


364

2
775.0 479.0
775.0 479.0


365

2
739.0 481.0
739.0 481.0


366

4
763.0 481.0
764.0 479.0
764.0 479.0
763.0 481.0


367

2
753.0 483.0
753.0 483.0


368

6
777.0 483.0
779.0 484.0
779.0 484.0
778.0 480.0
778.0 480.0
777.0 483.0


369

6
754.0 485.0
756.0 487.0
756.0 487.0
755.0 483.0
755.0 483.0
754.0 485.0


370

2
779.0 485.0
779.0 485.0


371

4
791.0 486.0
792.0 484.0
792.0 484.0
791.0 486.0


372

2
527.0 487.0
527.0 487.0


373

2
631.0 488.0
631.0 488.0


374

6
792.0 488.0
794.0 489.0
794.0 489.0
793.0 486.0
793.0 486.0
792.0 488.0


375

8
744.0 489.0
749.0 494.0
749.0 494.0
749.0 488.0
749.0 488.0
744.0 486.0
744.0 486.0
744.0 489.0


376

4
756.0 489.0
757.0 487.0
757.0 487.0
756.0 489.0


377

4
524.0 490.0
525.0 484.0
525.0 484.0
524.0 490.0


378

2
708.0 490.0
708.0 490.0


379

4
789.0 490.0
790.0 488.0
790.0 488.0
789.0 490.0


380

2
616.0 491.0
616.0 491.0


381

2
709.0 491.0
709.0 491.0


382

4
794.0 491.0
795.0 489.0
795.0 489.0
794.0 491.0


383

2
615.0 492.0
615.0 492.0


384

8
710.0 493.0
717.0 501.0
717.0 501.0
727.0 506.0
727.0 506.0
711.0 491.0
711.0 491.0
710.0 493.0


385

4
795.0 493.0
796.0 491.0
796.0 491.0
795.0 493.0


386

6
790.0 495.0
798.0 512.0
798.0 512.0
791.0 490.0
791.0 490.0
790.0 495.0


387

6
190.0 496.0
195.0 498.0
195.0 498.0
191.0 489.0
191.0 489.0
190.0 496.0


388

6
199.0 496.0
202.0 498.0
202.0 498.0
200.0 494.0
200.0 494.0
199.0 496.0


389

8
750.0 496.0
758.0 519.0
758.0 519.0
757.0 494.0
757.0 494.0
751.0 490.0
751.0 490.0
750.0 496.0


390

8
775.0 496.0
784.0 508.0
784.0 508.0
782.0 491.0
782.0 491.0
776.0 486.0
776.0 486.0
775.0 496.0


391

4
796.0 496.0
797.0 494.0
797.0 494.0
796.0 496.0


392

6
746.0 497.0
748.0 501.0
748.0 501.0
747.0 494.0
747.0 494.0
746.0 497.0


393

4
797.0 498.0
798.0 496.0
798.0 496.0
797.0 498.0


394

2
202.0 499.0
202.0 499.0


395

4
798.0 500.0
799.0 498.0
799.0 498.0
798.0 500.0


396

2
203.0 501.0
203.0 501.0


397

2
577.0 501.0
577.0 501.0


398

2
788.0 504.0
788.0 504.0


399

12
196.0 506.0
206.0 507.0
206.0 507.0
202.0 503.0
202.0 503.0
194.0 503.0
194.0 503.0
189.0 506.0
189.0 506.0
186.0 514.0
186.0 514.0
196.0 506.0


400

2
607.0 506.0
607.0 506.0


401

2
727.0 507.0
727.0 507.0


402

4
786.0 507.0
787.0 505.0
787.0 505.0
786.0 507.0


403

4
206.0 508.0
209.0 507.0
209.0 507.0
206.0 508.0


404

4
728.0 508.0
730.0 507.0
730.0 507.0
728.0 508.0


405

6
749.0 508.0
754.0 517.0
754.0 517.0
751.0 500.0
751.0 500.0
749.0 508.0


406

4
789.0 508.0
790.0 505.0
790.0 505.0
789.0 508.0


407

2
209.0 509.0
209.0 509.0


408

2
730.0 509.0
730.0 509.0


409

6
775.0 509.0
784.0 521.0
784.0 521.0
776.0 499.0
776.0 499.0
775.0 509.0


410

2
210.0 510.0
210.0 510.0


411

2
583.0 511.0
583.0 511.0


412

4
784.0 511.0
785.0 508.0
785.0 508.0
784.0 511.0


413

2
584.0 513.0
584.0 513.0


414

2
614.0 513.0
614.0 513.0


415

4
790.0 513.0
791.0 508.0
791.0 508.0
790.0 513.0


416

6
214.0 514.0
220.0 519.0
220.0 519.0
215.0 511.0
215.0 511.0
214.0 514.0


417

2
585.0 514.0
585.0 514.0


418

2
613.0 514.0
613.0 514.0


419

4
798.0 514.0
799.0 512.0
799.0 512.0
798.0 514.0


420

2
612.0 515.0
612.0 515.0


421

2
586.0 516.0
586.0 516.0


422

2
777.0 516.0
777.0 516.0


423

64
674.0 517.0
677.0 518.0
677.0 518.0
670.0 524.0
670.0 524.0
670.0 542.0
670.0 542.0
672.0 535.0
672.0 535.0
674.0 543.0
674.0 543.0
671.0 555.0
671.0 555.0
674.0 555.0
674.0 555.0
669.0 561.0
669.0 561.0
667.0 574.0
667.0 574.0
670.0 568.0
670.0 568.0
672.0 570.0
672.0 570.0
664.0 594.0
664.0 594.0
652.0 581.0
652.0 581.0
655.0 579.0
655.0 579.0
654.0 575.0
654.0 575.0
661.0 570.0
661.0 570.0
651.0 575.0
651.0 575.0
653.0 569.0
653.0 569.0
646.0 572.0
646.0 572.0
644.0 569.0
644.0 569.0
652.0 557.0
652.0 557.0
649.0 556.0
649.0 556.0
649.0 552.0
649.0 552.0
653.0 548.0
653.0 548.0
661.0 547.0
661.0 547.0
661.0 544.0
661.0 544.0
653.0 544.0
653.0 544.0
656.0 540.0
656.0 540.0
655.0 535.0
655.0 535.0
661.0 531.0
661.0 531.0
657.0 529.0
657.0 529.0
674.0 517.0


424

4
587.0 518.0
588.0 516.0
588.0 516.0
587.0 518.0


425

4
778.0 518.0
779.0 516.0
779.0 516.0
778.0 518.0


426

2
612.0 519.0
612.0 519.0


427

108
588.0 520.0
608.0 568.0
608.0 568.0
621.0 646.0
621.0 646.0
621.0 716.0
621.0 716.0
612.0 771.0
612.0 771.0
609.0 824.0
609.0 824.0
606.0 835.0
606.0 835.0
581.0 883.0
581.0 883.0
571.0 918.0
571.0 918.0
558.0 937.0
558.0 937.0
548.0 940.0
548.0 940.0
547.0 952.0
547.0 952.0
531.0 950.0
531.0 950.0
495.0 933.0
495.0 933.0
494.0 954.0
494.0 954.0
553.0 988.0
553.0 988.0
587.0 1014.0
587.0 1014.0
598.0 1016.0
598.0 1016.0
610.0 1010.0
610.0 1010.0
627.0 990.0
627.0 990.0
641.0 962.0
641.0 962.0
653.0 928.0
653.0 928.0
660.0 894.0
660.0 894.0
663.0 846.0
663.0 846.0
674.0 796.0
674.0 796.0
676.0 773.0
676.0 773.0
674.0 737.0
674.0 737.0
669.0 712.0
669.0 712.0
648.0 670.0
648.0 670.0
641.0 623.0
641.0 623.0
630.0 599.0
630.0 599.0
638.0 651.0
638.0 651.0
659.0 712.0
659.0 712.0
661.0 762.0
661.0 762.0
652.0 812.0
652.0 812.0
650.0 853.0
650.0 853.0
637.0 907.0
637.0 907.0
613.0 962.0
613.0 962.0
595.0 983.0
595.0 983.0
587.0 986.0
587.0 986.0
584.0 982.0
584.0 982.0
584.0 963.0
584.0 963.0
601.0 928.0
601.0 928.0
614.0 877.0
614.0 877.0
623.0 854.0
623.0 854.0
631.0 780.0
631.0 780.0
632.0 720.0
632.0 720.0
636.0 700.0
636.0 700.0
636.0 680.0
636.0 680.0
630.0 655.0
630.0 655.0
626.0 601.0
626.0 601.0
607.0 550.0
607.0 550.0
592.0 522.0
592.0 522.0
589.0 518.0
589.0 518.0
588.0 520.0


428

6
779.0 520.0
783.0 527.0
783.0 527.0
780.0 518.0
780.0 518.0
779.0 520.0


429

2
798.0 520.0
798.0 520.0


430

4
624.0 521.0
625.0 519.0
625.0 519.0
624.0 521.0


431

4
760.0 521.0
761.0 509.0
761.0 509.0
760.0 521.0


432

6
767.0 521.0
768.0 507.0
768.0 507.0
766.0 525.0
766.0 525.0
767.0 521.0


433

8
776.0 522.0
781.0 540.0
781.0 540.0
782.0 531.0
782.0 531.0
777.0 519.0
777.0 519.0
776.0 522.0


434

2
623.0 523.0
623.0 523.0


435

6
755.0 524.0
758.0 526.0
758.0 526.0
757.0 522.0
757.0 522.0
755.0 524.0


436

6
786.0 526.0
791.0 536.0
791.0 536.0
788.0 509.0
788.0 509.0
786.0 526.0


437

6
750.0 527.0
752.0 533.0
752.0 533.0
751.0 524.0
751.0 524.0
750.0 527.0


438

4
669.0 529.0
670.0 527.0
670.0 527.0
669.0 529.0


439

2
756.0 531.0
756.0 531.0


440

6
794.0 533.0
796.0 565.0
796.0 565.0
795.0 523.0
795.0 523.0
794.0 533.0


441

6
757.0 534.0
759.0 537.0
759.0 537.0
758.0 531.0
758.0 531.0
757.0 534.0


442

6
785.0 535.0
792.0 557.0
792.0 557.0
786.0 529.0
786.0 529.0
785.0 535.0


443

4
759.0 539.0
760.0 537.0
760.0 537.0
759.0 539.0


444

4
791.0 539.0
792.0 536.0
792.0 536.0
791.0 539.0


445

6
754.0 543.0
759.0 552.0
759.0 552.0
755.0 536.0
755.0 536.0
754.0 543.0


446

2
656.0 544.0
656.0 544.0


447

2
661.0 544.0
661.0 544.0


448

4
784.0 544.0
785.0 541.0
785.0 541.0
784.0 544.0


449

2
772.0 545.0
772.0 545.0


450

4
211.0 548.0
213.0 547.0
213.0 547.0
211.0 548.0


451

4
765.0 552.0
766.0 548.0
766.0 548.0
765.0 552.0


452

4
777.0 552.0
778.0 543.0
778.0 543.0
777.0 552.0


453

6
785.0 552.0
787.0 554.0
787.0 554.0
786.0 545.0
786.0 545.0
785.0 552.0


454

2
761.0 556.0
761.0 556.0


455

6
752.0 557.0
760.0 562.0
760.0 562.0
754.0 550.0
754.0 550.0
752.0 557.0


456

2
766.0 557.0
766.0 557.0


457

4
787.0 557.0
788.0 554.0
788.0 554.0
787.0 557.0


458

2
762.0 558.0
762.0 558.0


459

6
780.0 558.0
782.0 560.0
782.0 560.0
781.0 554.0
781.0 554.0
780.0 558.0


460

4
788.0 560.0
789.0 558.0
789.0 558.0
788.0 560.0


461

10
752.0 562.0
756.0 569.0
756.0 569.0
765.0 570.0
765.0 570.0
762.0 565.0
762.0 565.0
753.0 560.0
753.0 560.0
752.0 562.0


462

4
782.0 562.0
783.0 560.0
783.0 560.0
782.0 562.0


463

2
760.0 563.0
760.0 563.0


464

2
783.0 564.0
783.0 564.0


465

10
394.0 565.0
395.0 556.0
395.0 556.0
389.0 566.0
389.0 566.0
389.0 590.0
389.0 590.0
392.0 586.0
392.0 586.0
394.0 565.0


466

102
723.0 566.0
727.0 573.0
727.0 573.0
723.0 577.0
723.0 577.0
722.0 588.0
722.0 588.0
726.0 584.0
726.0 584.0
725.0 579.0
725.0 579.0
727.0 582.0
727.0 582.0
734.0 579.0
734.0 579.0
728.0 584.0
728.0 584.0
728.0 591.0
728.0 591.0
734.0 584.0
734.0 584.0
737.0 585.0
737.0 585.0
729.0 593.0
729.0 593.0
727.0 600.0
727.0 600.0
731.0 603.0
731.0 603.0
724.0 614.0
724.0 614.0
728.0 610.0
728.0 610.0
729.0 612.0
729.0 612.0
723.0 618.0
723.0 618.0
713.0 643.0
713.0 643.0
747.0 678.0
747.0 678.0
769.0 721.0
769.0 721.0
800.0 857.0
800.0 857.0
800.0 921.0
800.0 921.0
786.0 894.0
786.0 894.0
765.0 834.0
765.0 834.0
749.0 769.0
749.0 769.0
740.0 712.0
740.0 712.0
729.0 675.0
729.0 675.0
719.0 654.0
719.0 654.0
707.0 640.0
707.0 640.0
708.0 638.0
708.0 638.0
712.0 641.0
712.0 641.0
710.0 636.0
710.0 636.0
707.0 637.0
707.0 637.0
708.0 633.0
708.0 633.0
703.0 634.0
703.0 634.0
700.0 627.0
700.0 627.0
695.0 626.0
695.0 626.0
696.0 622.0
696.0 622.0
693.0 623.0
693.0 623.0
697.0 609.0
697.0 609.0
689.0 618.0
689.0 618.0
696.0 607.0
696.0 607.0
692.0 606.0
692.0 606.0
699.0 597.0
699.0 597.0
697.0 594.0
697.0 594.0
704.0 589.0
704.0 589.0
702.0 583.0
702.0 583.0
713.0 572.0
713.0 572.0
721.0 571.0
721.0 571.0
723.0 566.0


467

2
666.0 568.0
666.0 568.0


468

4
663.0 569.0
665.0 568.0
665.0 568.0
663.0 569.0


469

2
661.0 570.0
661.0 570.0


470

2
723.0 571.0
723.0 571.0


471

2
724.0 573.0
724.0 573.0


472

2
719.0 574.0
719.0 574.0


473

2
723.0 574.0
723.0 574.0


474

2
718.0 575.0
718.0 575.0


475

2
722.0 576.0
722.0 576.0


476

4
725.0 590.0
726.0 588.0
726.0 588.0
725.0 590.0


477

4
724.0 593.0
725.0 591.0
725.0 591.0
724.0 593.0


478

4
723.0 595.0
724.0 593.0
724.0 593.0
723.0 595.0


479

6
781.0 595.0
775.0 588.0
775.0 588.0
773.0 603.0
773.0 603.0
781.0 595.0


480

2
628.0 596.0
628.0 596.0


481

2
762.0 596.0
762.0 596.0


482

2
769.0 597.0
769.0 597.0


483

4
629.0 599.0
630.0 597.0
630.0 597.0
629.0 599.0


484

4
757.0 599.0
758.0 596.0
758.0 596.0
757.0 599.0


485

2
768.0 599.0
768.0 599.0


486

4
771.0 600.0
772.0 598.0
772.0 598.0
771.0 600.0


487

2
701.0 601.0
701.0 601.0


488

4
726.0 602.0
727.0 600.0
727.0 600.0
726.0 602.0


489

4
756.0 602.0
757.0 599.0
757.0 599.0
756.0 602.0


490

2
698.0 603.0
698.0 603.0


491

2
728.0 603.0
728.0 603.0


492

2
755.0 603.0
755.0 603.0


493

4
285.0 604.0
286.0 602.0
286.0 602.0
285.0 604.0


494

2
697.0 604.0
697.0 604.0


495

2
727.0 604.0
727.0 604.0


496

2
696.0 605.0
696.0 605.0


497

2
701.0 605.0
701.0 605.0


498

2
726.0 605.0
726.0 605.0


499

4
772.0 605.0
773.0 603.0
773.0 603.0
772.0 605.0


500

2
700.0 606.0
700.0 606.0


501

2
771.0 606.0
771.0 606.0


502

2
699.0 607.0
699.0 607.0


503

98
672.0 608.0
693.0 633.0
693.0 633.0
709.0 664.0
709.0 664.0
732.0 781.0
732.0 781.0
751.0 835.0
751.0 835.0
773.0 882.0
773.0 882.0
782.0 910.0
782.0 910.0
791.0 924.0
791.0 924.0
796.0 944.0
796.0 944.0
796.0 973.0
796.0 973.0
786.0 1013.0
786.0 1013.0
766.0 1049.0
766.0 1049.0
711.0 1108.0
711.0 1108.0
706.0 1098.0
706.0 1098.0
690.0 1100.0
690.0 1100.0
690.0 1114.0
690.0 1114.0
666.0 1143.0
666.0 1143.0
666.0 1163.0
666.0 1163.0
659.0 1163.0
659.0 1163.0
648.0 1146.0
648.0 1146.0
641.0 1154.0
641.0 1154.0
622.0 1152.0
622.0 1152.0
601.0 1143.0
601.0 1143.0
580.0 1127.0
580.0 1127.0
592.0 1146.0
592.0 1146.0
613.0 1168.0
613.0 1168.0
657.0 1199.0
657.0 1199.0
624.0 1200.0
624.0 1200.0
584.0 1163.0
584.0 1163.0
563.0 1136.0
563.0 1136.0
547.0 1101.0
547.0 1101.0
544.0 1069.0
544.0 1069.0
559.0 1091.0
559.0 1091.0
588.0 1117.0
588.0 1117.0
620.0 1132.0
620.0 1132.0
633.0 1135.0
633.0 1135.0
646.0 1133.0
646.0 1133.0
653.0 1123.0
653.0 1123.0
656.0 1106.0
656.0 1106.0
665.0 1092.0
665.0 1092.0
711.0 1051.0
711.0 1051.0
737.0 1017.0
737.0 1017.0
760.0 970.0
760.0 970.0
769.0 929.0
769.0 929.0
769.0 902.0
769.0 902.0
762.0 869.0
762.0 869.0
738.0 827.0
738.0 827.0
712.0 770.0
712.0 770.0
693.0 682.0
693.0 682.0
672.0 608.0


504

2
698.0 608.0
698.0 608.0


505

2
770.0 608.0
770.0 608.0


506

2
697.0 609.0
697.0 609.0


507

2
769.0 609.0
769.0 609.0


508

2
768.0 611.0
768.0 611.0


509

2
767.0 612.0
767.0 612.0


510

6
276.0 614.0
277.0 605.0
277.0 605.0
273.0 634.0
273.0 634.0
276.0 614.0


511

2
766.0 614.0
766.0 614.0


512

2
723.0 615.0
723.0 615.0


513

2
760.0 619.0
760.0 619.0


514

42
798.0 619.0
800.0 618.0
800.0 618.0
799.0 659.0
799.0 659.0
788.0 674.0
788.0 674.0
767.0 678.0
767.0 678.0
798.0 699.0
798.0 699.0
800.0 708.0
800.0 708.0
777.0 686.0
777.0 686.0
764.0 678.0
764.0 678.0
765.0 675.0
765.0 675.0
758.0 669.0
758.0 669.0
758.0 664.0
758.0 664.0
761.0 665.0
761.0 665.0
763.0 662.0
763.0 662.0
771.0 641.0
771.0 641.0
768.0 658.0
768.0 658.0
772.0 658.0
772.0 658.0
765.0 667.0
765.0 667.0
767.0 666.0
767.0 666.0
770.0 671.0
770.0 671.0
778.0 666.0
778.0 666.0
798.0 619.0


515

2
699.0 624.0
699.0 624.0


516

2
698.0 626.0
698.0 626.0


517

2
700.0 626.0
700.0 626.0


518

4
710.0 636.0
711.0 634.0
711.0 634.0
710.0 636.0


519

2
741.0 644.0
741.0 644.0


520

2
740.0 645.0
740.0 645.0


521

2
739.0 646.0
739.0 646.0


522

2
738.0 647.0
738.0 647.0


523

30
444.0 648.0
455.0 649.0
455.0 649.0
478.0 668.0
478.0 668.0
505.0 675.0
505.0 675.0
516.0 684.0
516.0 684.0
527.0 707.0
527.0 707.0
527.0 722.0
527.0 722.0
520.0 739.0
520.0 739.0
519.0 721.0
519.0 721.0
509.0 707.0
509.0 707.0
475.0 696.0
475.0 696.0
465.0 690.0
465.0 690.0
450.0 672.0
450.0 672.0
430.0 668.0
430.0 668.0
434.0 656.0
434.0 656.0
444.0 648.0


524

2
737.0 648.0
737.0 648.0


525

2
736.0 649.0
736.0 649.0


526

2
740.0 649.0
740.0 649.0


527

2
739.0 650.0
739.0 650.0


528

2
750.0 650.0
750.0 650.0


529

6
412.0 654.0
422.0 669.0
422.0 669.0
415.0 649.0
415.0 649.0
412.0 654.0


530

2
748.0 659.0
748.0 659.0


531

6
739.0 661.0
741.0 662.0
741.0 662.0
741.0 659.0
741.0 659.0
739.0 661.0


532

2
741.0 663.0
741.0 663.0


533

2
742.0 664.0
742.0 664.0


534

2
743.0 665.0
743.0 665.0


535

2
744.0 666.0
744.0 666.0


536

4
764.0 669.0
765.0 667.0
765.0 667.0
764.0 669.0


537

6
771.0 672.0
773.0 673.0
773.0 673.0
773.0 670.0
773.0 670.0
771.0 672.0


538

4
422.0 673.0
423.0 670.0
423.0 670.0
422.0 673.0


539

2
770.0 673.0
770.0 673.0


540

4
765.0 677.0
767.0 676.0
767.0 676.0
765.0 677.0


541

4
798.0 677.0
800.0 680.0
800.0 680.0
798.0 677.0


542

2
423.0 678.0
423.0 678.0


543

6
786.0 679.0
800.0 686.0
800.0 686.0
800.0 691.0
800.0 691.0
786.0 679.0


544

2
425.0 686.0
425.0 686.0


545

2
426.0 689.0
426.0 689.0


546

2
427.0 690.0
427.0 690.0


547

4
666.0 691.0
667.0 689.0
667.0 689.0
666.0 691.0


548

2
667.0 693.0
667.0 693.0


549

2
668.0 695.0
668.0 695.0


550

2
676.0 713.0
676.0 713.0


551

2
677.0 715.0
677.0 715.0


552

4
678.0 718.0
679.0 716.0
679.0 716.0
678.0 718.0


553

4
679.0 721.0
680.0 719.0
680.0 719.0
679.0 721.0


554

4
680.0 723.0
681.0 721.0
681.0 721.0
680.0 723.0


555

34
681.0 726.0
700.0 790.0
700.0 790.0
702.0 826.0
702.0 826.0
699.0 850.0
699.0 850.0
674.0 943.0
674.0 943.0
654.0 978.0
654.0 978.0
627.0 1007.0
627.0 1007.0
623.0 1023.0
623.0 1023.0
630.0 1023.0
630.0 1023.0
647.0 1013.0
647.0 1013.0
676.0 985.0
676.0 985.0
703.0 934.0
703.0 934.0
717.0 886.0
717.0 886.0
720.0 838.0
720.0 838.0
714.0 798.0
714.0 798.0
700.0 759.0
700.0 759.0
682.0 723.0
682.0 723.0
681.0 726.0


556

6
433.0 741.0
443.0 743.0
443.0 743.0
440.0 740.0
440.0 740.0
433.0 741.0


557

4
431.0 742.0
433.0 741.0
433.0 741.0
431.0 742.0


558

4
429.0 743.0
431.0 742.0
431.0 742.0
429.0 743.0


559

2
428.0 744.0
428.0 744.0


560

2
443.0 744.0
443.0 744.0


561

2
427.0 745.0
427.0 745.0


562

4
444.0 745.0
447.0 746.0
447.0 746.0
444.0 745.0


563

2
426.0 746.0
426.0 746.0


564

2
425.0 747.0
425.0 747.0


565

2
447.0 747.0
447.0 747.0


566

2
424.0 748.0
424.0 748.0


567

2
448.0 748.0
448.0 748.0


568

2
423.0 749.0
423.0 749.0


569

2
449.0 749.0
449.0 749.0


570

2
422.0 750.0
422.0 750.0


571

4
450.0 750.0
452.0 749.0
452.0 749.0
450.0 750.0


572

8
513.0 750.0
517.0 764.0
517.0 764.0
516.0 790.0
516.0 790.0
510.0 767.0
510.0 767.0
513.0 750.0


573

2
421.0 751.0
421.0 751.0


574

2
452.0 751.0
452.0 751.0


575

2
420.0 752.0
420.0 752.0


576

2
453.0 752.0
453.0 752.0


577

2
419.0 753.0
419.0 753.0


578

2
454.0 753.0
454.0 753.0


579

2
418.0 754.0
418.0 754.0


580

2
455.0 754.0
455.0 754.0


581

2
456.0 755.0
456.0 755.0


582

2
457.0 756.0
457.0 756.0


583

2
416.0 757.0
416.0 757.0


584

2
458.0 757.0
458.0 757.0


585

2
415.0 758.0
415.0 758.0


586

2
459.0 758.0
459.0 758.0


587

2
460.0 759.0
460.0 759.0


588

2
414.0 760.0
414.0 760.0


589

2
461.0 760.0
461.0 760.0


590

4
413.0 762.0
414.0 760.0
414.0 760.0
413.0 762.0


591

4
412.0 764.0
413.0 762.0
413.0 762.0
412.0 764.0


592

2
464.0 764.0
464.0 764.0


593

4
411.0 767.0
412.0 764.0
412.0 764.0
411.0 767.0


594

4
410.0 773.0
411.0 767.0
411.0 767.0
410.0 773.0


595

28
477.0 777.0
480.0 787.0
480.0 787.0
479.0 810.0
479.0 810.0
488.0 822.0
488.0 822.0
488.0 835.0
488.0 835.0
483.0 844.0
483.0 844.0
485.0 887.0
485.0 887.0
490.0 850.0
490.0 850.0
498.0 827.0
498.0 827.0
498.0 811.0
498.0 811.0
489.0 796.0
489.0 796.0
489.0 784.0
489.0 784.0
480.0 775.0
480.0 775.0
477.0 774.0
477.0 774.0
477.0 777.0


596

4
410.0 781.0
411.0 776.0
411.0 776.0
410.0 781.0


597

4
411.0 786.0
412.0 782.0
412.0 782.0
411.0 786.0


598

4
412.0 790.0
413.0 787.0
413.0 787.0
412.0 790.0


599

4
413.0 794.0
414.0 792.0
414.0 792.0
413.0 794.0


600

2
414.0 797.0
414.0 797.0


601

2
245.0 807.0
245.0 807.0


602

2
256.0 813.0
256.0 813.0


603

2
257.0 814.0
257.0 814.0


604

4
569.0 816.0
570.0 814.0
570.0 814.0
569.0 816.0


605

2
260.0 817.0
260.0 817.0


606

2
568.0 818.0
568.0 818.0


607

4
506.0 819.0
507.0 817.0
507.0 817.0
506.0 819.0


608

4
505.0 822.0
506.0 819.0
506.0 819.0
505.0 822.0


609

4
504.0 824.0
505.0 822.0
505.0 822.0
504.0 824.0


610

14
533.0 825.0
534.0 821.0
534.0 821.0
527.0 823.0
527.0 823.0
519.0 835.0
519.0 835.0
515.0 885.0
515.0 885.0
519.0 878.0
519.0 878.0
521.0 852.0
521.0 852.0
533.0 825.0


611

16
503.0 827.0
504.0 824.0
504.0 824.0
497.0 843.0
497.0 843.0
494.0 871.0
494.0 871.0
488.0 888.0
488.0 888.0
490.0 910.0
490.0 910.0
495.0 894.0
495.0 894.0
498.0 852.0
498.0 852.0
503.0 827.0


612

2
460.0 843.0
460.0 843.0


613

2
459.0 844.0
459.0 844.0


614

2
458.0 846.0
458.0 846.0


615

4
265.0 877.0
266.0 875.0
266.0 875.0
265.0 877.0


616

2
264.0 878.0
264.0 878.0


617

2
521.0 879.0
521.0 879.0


618

2
520.0 880.0
520.0 880.0


619

4
483.0 890.0
484.0 887.0
484.0 887.0
483.0 890.0


620

2
466.0 938.0
466.0 938.0


621

2
465.0 940.0
465.0 940.0


622

2
463.0 943.0
463.0 943.0


623

2
461.0 946.0
461.0 946.0


624

2
459.0 949.0
459.0 949.0


625

2
458.0 950.0
458.0 950.0


626

2
455.0 954.0
455.0 954.0


627

2
454.0 955.0
454.0 955.0


628

2
453.0 956.0
453.0 956.0


629

2
452.0 957.0
452.0 957.0


630

2
482.0 969.0
482.0 969.0


631

2
481.0 971.0
481.0 971.0


632

2
480.0 973.0
480.0 973.0


633

2
478.0 976.0
478.0 976.0


634

2
476.0 979.0
476.0 979.0


635

2
475.0 980.0
475.0 980.0


636

2
473.0 983.0
473.0 983.0


637

2
472.0 984.0
472.0 984.0


638

2
321.0 985.0
321.0 985.0


639

2
471.0 985.0
471.0 985.0


640

4
323.0 986.0
325.0 985.0
325.0 985.0
323.0 986.0


641

2
470.0 986.0
470.0 986.0


642

2
326.0 987.0
326.0 987.0


643

2
469.0 987.0
469.0 987.0


644

4
329.0 988.0
331.0 987.0
331.0 987.0
329.0 988.0


645

2
468.0 988.0
468.0 988.0


646

4
333.0 989.0
335.0 988.0
335.0 988.0
333.0 989.0


647

2
467.0 989.0
467.0 989.0


648

4
338.0 990.0
343.0 989.0
343.0 989.0
338.0 990.0


649

2
466.0 990.0
466.0 990.0


650

2
465.0 991.0
465.0 991.0


651

2
464.0 992.0
464.0 992.0


652

42
503.0 996.0
546.0 1038.0
546.0 1038.0
570.0 1052.0
570.0 1052.0
596.0 1060.0
596.0 1060.0
617.0 1077.0
617.0 1077.0
617.0 1082.0
617.0 1082.0
611.0 1085.0
611.0 1085.0
586.0 1085.0
586.0 1085.0
565.0 1076.0
565.0 1076.0
534.0 1048.0
534.0 1048.0
532.0 1049.0
532.0 1049.0
529.0 1106.0
529.0 1106.0
534.0 1135.0
534.0 1135.0
551.0 1177.0
551.0 1177.0
567.0 1200.0
567.0 1200.0
517.0 1200.0
517.0 1200.0
515.0 1194.0
515.0 1194.0
512.0 1176.0
512.0 1176.0
512.0 1128.0
512.0 1128.0
518.0 1077.0
518.0 1077.0
527.0 1037.0
527.0 1037.0
503.0 996.0


653

18
798.0 1039.0
800.0 1037.0
800.0 1037.0
800.0 1133.0
800.0 1133.0
780.0 1157.0
780.0 1157.0
733.0 1200.0
733.0 1200.0
696.0 1200.0
696.0 1200.0
707.0 1191.0
707.0 1191.0
730.0 1147.0
730.0 1147.0
776.0 1083.0
776.0 1083.0
798.0 1039.0


654

2
527.0 1040.0
527.0 1040.0


655

2
528.0 1042.0
528.0 1042.0


656

2
529.0 1043.0
529.0 1043.0


657

2
530.0 1045.0
530.0 1045.0


658

2
531.0 1046.0
531.0 1046.0


659

2
532.0 1048.0
532.0 1048.0


660

10
510.0 1095.0
503.0 1160.0
503.0 1160.0
504.0 1200.0
504.0 1200.0
499.0 1200.0
499.0 1200.0
501.0 1154.0
501.0 1154.0
510.0 1095.0


661

2
578.0 1126.0
578.0 1126.0


662

2
579.0 1127.0
579.0 1127.0


